PLAYER_ID,PLAYER_NAME,PLAYER_LAST_TEAM_ID,PLAYER_LAST_TEAM_ABBREVIATION,AGE,GP,G,FGA_FREQUENCY,FGM,FGA,FG_PCT,EFG_PCT,FG2A_FREQUENCY,FG2M,FG2A,FG2_PCT,FG3A_FREQUENCY,FG3M,FG3A,FG3_PCT
1628983,Shai Gilgeous-Alexander,1610612760,OKC,26.0,76,76,0.546,403,904,0.446,0.516,0.329,276,545,0.506,0.217,127,359,0.354
1630162,Anthony Edwards,1610612750,MIN,23.0,79,79,0.547,333,881,0.378,0.509,0.176,103,284,0.363,0.37,230,597,0.385
1629027,Trae Young,1610612737,ATL,26.0,76,76,0.583,304,802,0.379,0.492,0.198,123,273,0.451,0.384,181,529,0.342
201942,DeMar DeRozan,1610612758,SAC,35.0,77,77,0.58,358,759,0.472,0.484,0.525,339,687,0.493,0.055,19,72,0.264
1626164,Devin Booker,1610612756,PHX,28.0,75,75,0.534,329,758,0.434,0.495,0.32,236,455,0.519,0.213,93,303,0.307
1628369,Jayson Tatum,1610612738,BOS,27.0,72,71,0.521,265,752,0.352,0.466,0.161,94,232,0.405,0.361,171,520,0.329
201935,James Harden,1610612746,LAC,35.0,79,79,0.571,260,739,0.352,0.476,0.15,76,194,0.392,0.421,184,545,0.338
1630224,Jalen Green,1610612745,HOU,23.0,82,81,0.445,209,639,0.327,0.424,0.172,85,247,0.344,0.273,124,392,0.316
1628378,Donovan Mitchell,1610612739,CLE,28.0,71,71,0.474,236,626,0.377,0.483,0.18,103,238,0.433,0.294,133,388,0.343
1630169,Tyrese Haliburton,1610612754,IND,25.0,73,73,0.609,253,613,0.413,0.539,0.198,98,199,0.492,0.412,155,414,0.374
1628973,Jalen Brunson,1610612752,NYK,28.0,64,64,0.511,265,602,0.44,0.522,0.287,167,338,0.494,0.224,98,264,0.371
1629029,Luka Dončić,1610612747,LAL,26.0,50,50,0.58,217,594,0.365,0.469,0.246,94,252,0.373,0.334,123,342,0.36
1629639,Tyler Herro,1610612748,MIA,25.0,77,77,0.426,252,587,0.429,0.528,0.187,136,258,0.527,0.239,116,329,0.353
1630595,Cade Cunningham,1610612765,DET,23.0,70,69,0.39,235,568,0.414,0.494,0.205,144,299,0.482,0.185,91,269,0.338
201939,Stephen Curry,1610612744,GSW,37.0,70,70,0.452,227,568,0.4,0.536,0.115,72,144,0.5,0.337,155,424,0.366
1627750,Jamal Murray,1610612743,DEN,28.0,67,66,0.5,241,553,0.436,0.512,0.311,157,344,0.456,0.189,84,209,0.402
203897,Zach LaVine,1610612758,SAC,30.0,74,74,0.446,232,545,0.426,0.554,0.184,92,225,0.409,0.262,140,320,0.438
1629636,Darius Garland,1610612739,CLE,25.0,75,75,0.459,223,539,0.414,0.52,0.206,108,242,0.446,0.253,115,297,0.387
201142,Kevin Durant,1610612756,PHX,36.0,62,62,0.452,251,508,0.494,0.518,0.386,227,434,0.523,0.066,24,74,0.324
203081,Damian Lillard,1610612749,MIL,34.0,58,58,0.511,205,507,0.404,0.513,0.195,95,193,0.492,0.317,110,314,0.35
1628368,De'Aaron Fox,1610612759,SAS,27.0,62,62,0.431,203,501,0.405,0.462,0.272,146,316,0.462,0.159,57,185,0.308
1629014,Anfernee Simons,1610612757,POR,26.0,70,70,0.445,192,501,0.383,0.484,0.187,91,210,0.433,0.259,101,291,0.347
1630178,Tyrese Maxey,1610612755,PHI,24.0,52,52,0.434,176,474,0.371,0.478,0.149,75,163,0.46,0.285,101,311,0.325
1631114,Jalen Williams,1610612760,OKC,24.0,69,69,0.402,204,469,0.435,0.472,0.303,169,354,0.477,0.098,35,115,0.304
1631101,Shaedon Sharpe,1610612757,POR,22.0,72,72,0.419,175,463,0.378,0.456,0.205,103,226,0.456,0.215,72,237,0.304
1630163,LaMelo Ball,1610612766,CHA,23.0,47,47,0.455,158,456,0.346,0.453,0.149,61,149,0.409,0.306,97,307,0.316
1629673,Jordan Poole,1610612764,WAS,25.0,68,68,0.426,167,450,0.371,0.519,0.104,34,110,0.309,0.322,133,340,0.391
203468,CJ McCollum,1610612740,NOP,33.0,56,56,0.444,168,444,0.378,0.466,0.218,90,218,0.413,0.226,78,226,0.345
1631094,Paolo Banchero,1610612753,ORL,22.0,46,46,0.475,165,433,0.381,0.445,0.279,110,254,0.433,0.196,55,179,0.307
2544,LeBron James,1610612747,LAL,40.0,70,69,0.337,165,428,0.386,0.451,0.202,109,256,0.426,0.135,56,172,0.326
101108,Chris Paul,1610612759,SAS,40.0,82,81,0.712,176,415,0.424,0.529,0.309,89,180,0.494,0.403,87,235,0.37
1627759,Jaylen Brown,1610612738,BOS,28.0,63,62,0.368,146,407,0.359,0.42,0.214,96,236,0.407,0.155,50,171,0.292
1630559,Austin Reaves,1610612747,LAL,27.0,73,73,0.382,152,396,0.384,0.49,0.149,68,155,0.439,0.232,84,241,0.349
202681,Kyrie Irving,1610612742,DAL,33.0,50,50,0.416,158,393,0.402,0.487,0.215,91,203,0.448,0.201,67,190,0.353
1627832,Fred VanVleet,1610612745,HOU,31.0,60,60,0.51,137,387,0.354,0.452,0.192,61,146,0.418,0.318,76,241,0.315
1629632,Coby White,1610612741,CHI,25.0,74,72,0.339,144,380,0.379,0.492,0.117,58,131,0.443,0.222,86,249,0.345
1630217,Desmond Bane,1610612763,MEM,26.0,68,68,0.377,154,377,0.408,0.524,0.147,67,147,0.456,0.23,87,230,0.378
1628969,Mikal Bridges,1610612752,NYK,28.0,81,79,0.322,168,376,0.447,0.467,0.272,153,318,0.481,0.05,15,58,0.259
1630567,Scottie Barnes,1610612761,TOR,23.0,65,65,0.354,147,376,0.391,0.423,0.266,123,282,0.436,0.089,24,94,0.255
1641718,Keyonte George,1610612762,UTA,21.0,67,65,0.408,125,375,0.333,0.447,0.124,40,114,0.351,0.284,85,261,0.326
1642267,Bub Carrington,1610612764,WAS,19.0,82,81,0.496,156,371,0.42,0.513,0.235,87,176,0.494,0.261,69,195,0.354
203507,Giannis Antetokounmpo,1610612749,MIL,30.0,67,67,0.277,153,366,0.418,0.433,0.245,142,323,0.44,0.033,11,43,0.256
1630170,Devin Vassell,1610612759,SAS,24.0,64,64,0.391,147,348,0.422,0.474,0.268,111,238,0.466,0.124,36,110,0.327
1630532,Franz Wagner,1610612753,ORL,23.0,60,59,0.294,121,341,0.355,0.419,0.164,77,190,0.405,0.13,44,151,0.291
1629645,Kevin Porter Jr.,1610612749,MIL,25.0,75,75,0.517,141,337,0.418,0.469,0.356,107,232,0.461,0.161,34,105,0.324
1627736,Malik Beasley,1610612765,DET,28.0,82,80,0.302,120,323,0.372,0.481,0.123,49,131,0.374,0.18,71,192,0.37
1628370,Malik Monk,1610612758,SAC,27.0,65,65,0.342,121,321,0.377,0.453,0.158,72,148,0.486,0.184,49,173,0.283
203471,Dennis Schröder,1610612765,DET,31.0,75,72,0.384,126,317,0.397,0.462,0.232,85,192,0.443,0.151,41,125,0.328
1626181,Norman Powell,1610612746,LAC,32.0,60,59,0.333,121,315,0.384,0.497,0.134,50,127,0.394,0.199,71,188,0.378
1628401,Derrick White,1610612738,BOS,30.0,76,74,0.325,120,312,0.385,0.51,0.087,42,83,0.506,0.239,78,229,0.341
202691,Klay Thompson,1610612742,DAL,35.0,72,72,0.347,108,304,0.355,0.421,0.188,68,165,0.412,0.158,40,139,0.288
1628389,Bam Adebayo,1610612748,MIA,27.0,78,75,0.27,124,300,0.413,0.435,0.229,111,255,0.435,0.04,13,45,0.289
1630202,Payton Pritchard,1610612738,BOS,27.0,80,77,0.349,117,300,0.39,0.523,0.081,37,70,0.529,0.267,80,230,0.348
202695,Kawhi Leonard,1610612746,LAC,33.0,37,37,0.477,126,297,0.424,0.476,0.35,95,218,0.436,0.127,31,79,0.392
1629012,Collin Sexton,1610612762,UTA,26.0,63,62,0.343,122,297,0.411,0.502,0.181,68,157,0.433,0.161,54,140,0.386
202331,Paul George,1610612755,PHI,35.0,41,41,0.518,114,295,0.386,0.459,0.291,71,166,0.428,0.226,43,129,0.333
1627783,Pascal Siakam,1610612754,IND,31.0,78,76,0.249,124,294,0.422,0.44,0.223,113,264,0.428,0.025,11,30,0.367
203915,Spencer Dinwiddie,1610612742,DAL,32.0,79,75,0.43,113,293,0.386,0.49,0.164,52,112,0.464,0.265,61,181,0.337
1631097,Bennedict Mathurin,1610612754,IND,22.0,72,71,0.334,90,285,0.316,0.396,0.145,44,124,0.355,0.189,46,161,0.286
1629656,Quentin Grimes,1610612755,PHI,25.0,75,67,0.344,108,283,0.382,0.488,0.146,48,120,0.4,0.198,60,163,0.368
1628970,Miles Bridges,1610612766,CHA,27.0,64,62,0.259,76,282,0.27,0.358,0.086,26,94,0.277,0.173,50,188,0.266
1629660,Ty Jerome,1610612739,CLE,27.0,70,69,0.455,138,281,0.491,0.589,0.243,83,150,0.553,0.212,55,131,0.42
1626156,D'Angelo Russell,1610612751,BKN,29.0,58,58,0.44,101,281,0.359,0.468,0.168,40,107,0.374,0.273,61,174,0.351
1629630,Ja Morant,1610612763,MEM,25.0,49,49,0.324,99,281,0.352,0.423,0.163,59,141,0.418,0.161,40,140,0.286
1628415,Dillon Brooks,1610612745,HOU,29.0,75,75,0.293,106,262,0.405,0.458,0.2,78,179,0.436,0.093,28,83,0.337
1642264,Stephon Castle,1610612759,SAS,20.0,81,76,0.262,77,259,0.297,0.351,0.15,49,148,0.331,0.112,28,111,0.252
203078,Bradley Beal,1610612756,PHX,31.0,53,53,0.37,108,257,0.42,0.467,0.264,84,183,0.459,0.107,24,74,0.324
1629008,Michael Porter Jr.,1610612743,DEN,26.0,77,73,0.242,98,250,0.392,0.476,0.122,56,126,0.444,0.12,42,124,0.339
1627749,Dejounte Murray,1610612740,NOP,28.0,31,31,0.493,92,243,0.379,0.428,0.325,68,160,0.425,0.168,24,83,0.289
1641764,Brandin Podziemski,1610612744,GSW,22.0,64,57,0.382,93,240,0.388,0.465,0.197,56,124,0.452,0.184,37,116,0.319
1641705,Victor Wembanyama,1610612759,SAS,21.0,46,46,0.278,81,238,0.34,0.424,0.128,41,110,0.373,0.149,40,128,0.313
1630560,Cam Thomas,1610612751,BKN,23.0,25,25,0.522,94,237,0.397,0.492,0.238,49,108,0.454,0.284,45,129,0.349
202699,Tobias Harris,1610612765,DET,32.0,73,71,0.293,93,236,0.394,0.403,0.257,89,207,0.43,0.036,4,29,0.138
1641733,Nick Smith Jr.,1610612766,CHA,21.0,60,56,0.414,93,235,0.396,0.451,0.273,67,155,0.432,0.141,26,80,0.325
203944,Julius Randle,1610612750,MIN,30.0,69,63,0.246,93,231,0.403,0.459,0.157,67,147,0.456,0.089,26,84,0.31
1641722,Jordan Hawkins,1610612740,NOP,23.0,56,54,0.414,82,230,0.357,0.42,0.239,53,133,0.398,0.174,29,97,0.299
1626179,Terry Rozier,1610612748,MIA,31.0,64,60,0.357,73,227,0.322,0.403,0.132,36,84,0.429,0.225,37,143,0.259
1627741,Buddy Hield,1610612744,GSW,32.0,82,74,0.285,72,224,0.321,0.438,0.078,20,61,0.328,0.207,52,163,0.319
1628991,Jaren Jackson Jr.,1610612763,MEM,25.0,73,65,0.186,107,223,0.48,0.518,0.137,90,164,0.549,0.049,17,59,0.288
204456,T.J. McConnell,1610612754,IND,33.0,79,76,0.357,104,223,0.466,0.478,0.33,99,206,0.481,0.027,5,17,0.294
1629018,Gary Trent Jr.,1610612749,MIL,26.0,74,69,0.339,95,223,0.426,0.525,0.183,51,120,0.425,0.157,44,103,0.427
1630703,Scoot Henderson,1610612757,POR,21.0,66,61,0.323,81,221,0.367,0.471,0.128,35,88,0.398,0.194,46,133,0.346
1629661,Cameron Johnson,1610612751,BKN,29.0,57,55,0.295,84,220,0.382,0.477,0.138,42,103,0.408,0.157,42,117,0.359
1630530,Trey Murphy III,1610612740,NOP,24.0,53,51,0.262,67,220,0.305,0.402,0.083,24,70,0.343,0.179,43,150,0.287
203952,Andrew Wiggins,1610612748,MIA,30.0,60,59,0.26,78,218,0.358,0.438,0.138,43,116,0.371,0.122,35,102,0.343
1630540,Miles McBride,1610612752,NYK,24.0,63,57,0.406,84,217,0.387,0.463,0.194,51,104,0.49,0.211,33,113,0.292
201144,Mike Conley,1610612750,MIN,37.0,71,68,0.447,70,209,0.335,0.469,0.13,14,61,0.23,0.316,56,148,0.378
1629130,Duncan Robinson,1610612748,MIA,31.0,74,72,0.309,82,205,0.4,0.578,0.035,9,23,0.391,0.275,73,182,0.401
1629614,Andrew Nembhard,1610612754,IND,25.0,65,57,0.369,86,199,0.432,0.462,0.288,74,155,0.477,0.082,12,44,0.273
203076,Anthony Davis,1610612742,DAL,32.0,51,48,0.212,78,193,0.404,0.415,0.189,74,172,0.43,0.023,4,21,0.19
1626145,Tyus Jones,1610612756,PHX,29.0,81,71,0.283,76,193,0.394,0.453,0.183,53,125,0.424,0.1,23,68,0.338
1628398,Kyle Kuzma,1610612749,MIL,29.0,65,56,0.224,56,190,0.295,0.361,0.118,31,100,0.31,0.106,25,90,0.278
1630591,Jalen Suggs,1610612753,ORL,24.0,35,32,0.393,64,189,0.339,0.405,0.2,39,96,0.406,0.193,25,93,0.269
203114,Khris Middleton,1610612764,WAS,33.0,37,37,0.558,89,188,0.473,0.537,0.353,65,119,0.546,0.205,24,69,0.348
1626166,Cameron Payne,1610612752,NYK,30.0,71,65,0.426,79,187,0.422,0.551,0.155,31,68,0.456,0.271,48,119,0.403
1629631,De'Andre Hunter,1610612739,CLE,27.0,64,63,0.245,82,186,0.441,0.524,0.138,51,105,0.486,0.107,31,81,0.383
1630175,Cole Anthony,1610612753,ORL,25.0,67,57,0.341,68,185,0.368,0.422,0.238,48,129,0.372,0.103,20,56,0.357
1630193,Immanuel Quickley,1610612761,TOR,25.0,33,33,0.42,76,184,0.413,0.53,0.167,33,73,0.452,0.253,43,111,0.387
203501,Tim Hardaway Jr.,1610612765,DET,33.0,77,71,0.268,63,182,0.346,0.42,0.15,36,102,0.353,0.118,27,80,0.338
203903,Jordan Clarkson,1610612762,UTA,33.0,37,35,0.368,70,181,0.387,0.5,0.136,29,67,0.433,0.232,41,114,0.36
1630183,Jaden McDaniels,1610612750,MIN,24.0,82,71,0.216,76,180,0.422,0.456,0.171,64,143,0.448,0.044,12,37,0.324
1641729,Brice Sensabaugh,1610612762,UTA,21.0,71,62,0.301,70,180,0.389,0.489,0.135,34,81,0.42,0.165,36,99,0.364
1628384,OG Anunoby,1610612752,NYK,27.0,73,67,0.177,58,179,0.324,0.399,0.099,31,100,0.31,0.078,27,79,0.342
1641706,Brandon Miller,1610612766,CHA,22.0,27,25,0.358,55,176,0.313,0.401,0.151,24,74,0.324,0.208,31,102,0.304
201566,Russell Westbrook,1610612743,DEN,36.0,75,62,0.214,48,174,0.276,0.325,0.133,31,108,0.287,0.081,17,66,0.258
1630198,Isaiah Joe,1610612760,OKC,25.0,74,69,0.294,54,173,0.312,0.425,0.077,15,45,0.333,0.218,39,128,0.305
1627742,Brandon Ingram,1610612761,TOR,27.0,18,18,0.517,73,172,0.424,0.462,0.39,60,130,0.462,0.126,13,42,0.31
1630527,Brandon Boston,1610612740,NOP,23.0,42,38,0.449,63,170,0.371,0.415,0.301,48,114,0.421,0.148,15,56,0.268
1641711,Gradey Dick,1610612761,TOR,21.0,54,51,0.258,57,167,0.341,0.398,0.139,38,90,0.422,0.119,19,77,0.247
203484,Kentavious Caldwell-Pope,1610612753,ORL,32.0,77,66,0.305,71,166,0.428,0.482,0.189,53,103,0.515,0.116,18,63,0.286
203992,Bogdan Bogdanović,1610612746,LAC,32.0,54,49,0.337,70,166,0.422,0.509,0.169,41,83,0.494,0.169,29,83,0.349
1627747,Caris LeVert,1610612737,ATL,30.0,64,58,0.27,63,162,0.389,0.509,0.115,24,69,0.348,0.155,39,93,0.419
1630631,Jose Alvarado,1610612740,NOP,27.0,56,51,0.309,63,161,0.391,0.516,0.098,23,51,0.451,0.211,40,110,0.364
1630581,Josh Giddey,1610612741,CHI,22.0,70,62,0.198,65,157,0.414,0.471,0.134,47,106,0.443,0.064,18,51,0.353
201950,Jrue Holiday,1610612738,BOS,34.0,62,58,0.279,50,157,0.318,0.404,0.099,23,56,0.411,0.179,27,101,0.267
1630215,Jared Butler,1610612755,PHI,24.0,60,45,0.344,64,156,0.41,0.481,0.19,42,86,0.488,0.155,22,70,0.314
1631204,Marcus Sasser,1610612765,DET,24.0,57,49,0.512,65,151,0.43,0.553,0.197,28,58,0.483,0.315,37,93,0.398
1628404,Josh Hart,1610612752,NYK,30.0,76,65,0.197,58,151,0.384,0.464,0.103,34,79,0.43,0.094,24,72,0.333
1642268,Isaiah Collier,1610612762,UTA,20.0,71,58,0.267,35,148,0.236,0.291,0.126,19,70,0.271,0.141,16,78,0.205
203995,Vasilije Micić,1610612756,PHX,31.0,41,35,0.538,46,147,0.313,0.408,0.245,18,67,0.269,0.293,28,80,0.35
1629638,Nickeil Alexander-Walker,1610612750,MIN,26.0,82,68,0.235,46,145,0.317,0.372,0.112,30,69,0.435,0.123,16,76,0.211
1631093,Jaden Ivey,1610612765,DET,23.0,30,30,0.349,54,144,0.375,0.458,0.182,30,75,0.4,0.167,24,69,0.348
1631099,Keegan Murray,1610612758,SAC,24.0,76,62,0.173,49,142,0.345,0.377,0.121,40,99,0.404,0.052,9,43,0.209
203999,Nikola Jokić,1610612743,DEN,30.0,70,57,0.104,45,142,0.317,0.387,0.056,25,76,0.329,0.048,20,66,0.303
1642347,Jamal Shead,1610612761,TOR,22.0,75,62,0.278,41,140,0.293,0.346,0.155,26,78,0.333,0.123,15,62,0.242
1631095,Jabari Smith Jr.,1610612745,HOU,22.0,57,54,0.246,52,139,0.374,0.399,0.187,45,106,0.425,0.058,7,33,0.212
1628379,Luke Kennard,1610612763,MEM,28.0,64,50,0.325,58,138,0.42,0.5,0.177,36,75,0.48,0.149,22,63,0.349
1628978,Donte DiVincenzo,1610612750,MIN,28.0,62,51,0.231,50,137,0.365,0.529,0.02,5,12,0.417,0.21,45,125,0.36
1641710,Anthony Black,1610612753,ORL,21.0,78,65,0.219,45,136,0.331,0.382,0.14,31,87,0.356,0.079,14,49,0.286
1631108,Max Christie,1610612742,DAL,22.0,78,51,0.231,38,136,0.279,0.305,0.154,31,91,0.341,0.076,7,45,0.156
1626171,Bobby Portis,1610612749,MIL,30.0,49,45,0.227,55,135,0.407,0.426,0.212,50,126,0.397,0.015,5,9,0.556
1630172,Patrick Williams,1610612741,CHI,23.0,63,58,0.262,46,135,0.341,0.422,0.122,24,63,0.381,0.14,22,72,0.306
1630553,Keon Johnson,1610612751,BKN,23.0,79,60,0.173,35,135,0.259,0.326,0.06,17,47,0.362,0.113,18,88,0.205
1629675,Naz Reid,1610612750,MIN,25.0,80,61,0.145,53,134,0.396,0.526,0.053,18,49,0.367,0.092,35,85,0.412
203552,Seth Curry,1610612766,CHA,34.0,68,51,0.388,62,133,0.466,0.538,0.259,43,89,0.483,0.128,19,44,0.432
1630702,Jaden Hardy,1610612742,DAL,22.0,57,48,0.32,55,132,0.417,0.473,0.206,40,85,0.471,0.114,15,47,0.319
1629611,Terance Mann,1610612737,ATL,28.0,67,58,0.32,48,132,0.364,0.413,0.191,35,79,0.443,0.128,13,53,0.245
1629004,Svi Mykhailiuk,1610612762,UTA,27.0,38,35,0.435,41,131,0.313,0.427,0.093,11,28,0.393,0.342,30,103,0.291
1630230,Naji Marshall,1610612742,DAL,27.0,69,58,0.183,56,130,0.431,0.438,0.14,54,100,0.54,0.042,2,30,0.067
1631260,AJ Green,1610612749,MIL,25.0,73,59,0.307,50,130,0.385,0.508,0.097,18,41,0.439,0.21,32,89,0.36
1629599,Amir Coffey,1610612746,LAC,27.0,72,57,0.253,56,129,0.434,0.465,0.198,48,101,0.475,0.055,8,28,0.286
1628989,Kevin Huerter,1610612741,CHI,26.0,69,62,0.212,52,128,0.406,0.543,0.06,17,36,0.472,0.152,35,92,0.38
1630228,Jonathan Kuminga,1610612744,GSW,22.0,47,43,0.226,38,128,0.297,0.316,0.166,33,94,0.351,0.06,5,34,0.147
1642261,Dalton Knecht,1610612747,LAL,24.0,78,55,0.223,54,124,0.435,0.528,0.118,31,66,0.47,0.104,23,58,0.397
1641731,Bilal Coulibaly,1610612764,WAS,20.0,59,48,0.197,35,123,0.285,0.333,0.139,23,87,0.264,0.058,12,36,0.333
1642273,Kyshawn George,1610612764,WAS,21.0,68,58,0.223,33,122,0.27,0.369,0.053,9,29,0.31,0.17,24,93,0.258
1631124,Julian Strawther,1610612743,DEN,23.0,65,53,0.256,43,121,0.355,0.413,0.153,29,72,0.403,0.104,14,49,0.286
1629216,Gabe Vincent,1610612747,LAL,28.0,72,54,0.281,44,118,0.373,0.47,0.095,21,40,0.525,0.186,23,78,0.295
1630578,Alperen Sengun,1610612745,HOU,22.0,76,55,0.102,44,117,0.376,0.376,0.095,44,109,0.404,0.007,0,8,0.0
1626157,Karl-Anthony Towns,1610612752,NYK,29.0,71,58,0.096,32,116,0.276,0.315,0.061,23,73,0.315,0.036,9,43,0.209
1641715,Cam Whitmore,1610612745,HOU,20.0,51,42,0.285,46,115,0.4,0.539,0.077,14,31,0.452,0.208,32,84,0.381
202710,Jimmy Butler III,1610612744,GSW,35.0,55,45,0.193,41,115,0.357,0.387,0.157,34,94,0.362,0.035,7,21,0.333
1629023,P.J. Washington,1610612742,DAL,26.0,57,42,0.173,36,115,0.313,0.4,0.083,16,55,0.291,0.09,20,60,0.333
1641741,Ricky Council IV,1610612755,PHI,23.0,73,48,0.244,27,113,0.239,0.279,0.112,18,52,0.346,0.132,9,61,0.148
1642377,Jaylen Wells,1610612763,MEM,21.0,78,55,0.167,45,112,0.402,0.491,0.086,25,58,0.431,0.08,20,54,0.37
1629652,Luguentz Dort,1610612760,OKC,26.0,71,60,0.189,43,112,0.384,0.473,0.093,23,55,0.418,0.096,20,57,0.351
1630598,Aaron Wiggins,1610612760,OKC,26.0,76,53,0.154,42,112,0.375,0.469,0.073,21,53,0.396,0.081,21,59,0.356
1630166,Deni Avdija,1610612757,POR,24.0,72,59,0.132,49,111,0.441,0.572,0.047,20,40,0.5,0.084,29,71,0.408
1630288,Jeff Dowtin Jr.,1610612755,PHI,28.0,41,32,0.47,52,108,0.481,0.56,0.291,35,67,0.522,0.178,17,41,0.415
1629628,RJ Barrett,1610612761,TOR,24.0,58,44,0.11,40,108,0.37,0.403,0.077,33,75,0.44,0.034,7,33,0.212
1630625,Dalano Banton,1610612757,POR,25.0,67,43,0.211,28,107,0.262,0.322,0.107,15,54,0.278,0.105,13,53,0.245
1641716,Jarace Walker,1610612754,IND,21.0,75,54,0.294,45,106,0.425,0.538,0.131,21,47,0.447,0.164,24,59,0.407
1630700,Dyson Daniels,1610612737,ATL,22.0,76,55,0.113,31,104,0.298,0.341,0.07,22,65,0.338,0.042,9,39,0.231
1630558,Davion Mitchell,1610612748,MIA,26.0,74,54,0.216,39,103,0.379,0.51,0.078,12,37,0.324,0.139,27,66,0.409
1626162,Kelly Oubre Jr.,1610612755,PHI,29.0,60,44,0.139,27,103,0.262,0.291,0.081,21,60,0.35,0.058,6,43,0.14
203932,Aaron Gordon,1610612743,DEN,29.0,51,42,0.205,41,102,0.402,0.495,0.105,22,52,0.423,0.101,19,50,0.38
1630548,Johnny Juzang,1610612762,UTA,24.0,64,52,0.213,38,101,0.376,0.455,0.099,22,47,0.468,0.114,16,54,0.296
203954,Joel Embiid,1610612755,PHI,31.0,19,19,0.317,39,100,0.39,0.395,0.289,38,91,0.418,0.029,1,9,0.111
1642272,Jared McCain,1610612755,PHI,21.0,23,21,0.361,40,99,0.404,0.48,0.175,25,48,0.521,0.186,15,51,0.294
1642354,KJ Simpson,1610612766,CHA,22.0,36,34,0.329,26,99,0.263,0.333,0.153,12,46,0.261,0.176,14,53,0.264
1631213,Tyrese Martin,1610612751,BKN,26.0,60,43,0.206,33,96,0.344,0.411,0.099,20,46,0.435,0.108,13,50,0.26
1630573,Sam Hauser,1610612738,BOS,27.0,71,47,0.203,47,95,0.495,0.658,0.049,16,23,0.696,0.154,31,72,0.431
1641708,Amen Thompson,1610612745,HOU,22.0,69,49,0.136,33,95,0.347,0.358,0.118,31,82,0.378,0.019,2,13,0.154
1642348,Justin Edwards,1610612755,PHI,21.0,44,32,0.249,43,94,0.457,0.505,0.175,34,66,0.515,0.074,9,28,0.321
1631165,Keon Ellis,1610612758,SAC,25.0,80,49,0.2,35,93,0.376,0.495,0.082,13,38,0.342,0.119,22,55,0.4
202696,Nikola Vučević,1610612741,CHI,34.0,73,52,0.088,48,91,0.527,0.533,0.086,47,89,0.528,0.002,1,2,0.5
1627752,Taurean Prince,1610612749,MIL,31.0,80,51,0.175,23,90,0.256,0.333,0.056,9,29,0.31,0.119,14,61,0.23
1631128,Christian Braun,1610612743,DEN,24.0,79,45,0.109,38,88,0.432,0.528,0.06,21,49,0.429,0.048,17,39,0.436
203924,Jerami Grant,1610612757,POR,31.0,47,39,0.15,27,86,0.314,0.337,0.124,23,71,0.324,0.026,4,15,0.267
1642265,Rob Dillingham,1610612750,MIN,20.0,49,36,0.393,31,83,0.373,0.458,0.213,17,45,0.378,0.18,14,38,0.368
1642266,Ja'Kobe Walter,1610612761,TOR,20.0,52,40,0.209,31,82,0.378,0.421,0.13,24,51,0.471,0.079,7,31,0.226
1642263,Reed Sheppard,1610612745,HOU,20.0,52,35,0.339,23,81,0.284,0.346,0.197,13,47,0.277,0.142,10,34,0.294
1627763,Malcolm Brogdon,1610612764,WAS,32.0,24,22,0.333,26,80,0.325,0.344,0.25,23,60,0.383,0.083,3,20,0.15
1642259,Alex Sarr,1610612764,WAS,20.0,67,53,0.097,26,80,0.325,0.344,0.081,23,67,0.343,0.016,3,13,0.231
1629003,Shake Milton,1610612747,LAL,28.0,57,33,0.311,34,79,0.43,0.487,0.201,25,51,0.49,0.11,9,28,0.321
201572,Brook Lopez,1610612749,MIL,37.0,80,44,0.101,30,78,0.385,0.417,0.084,25,65,0.385,0.017,5,13,0.385
1628998,Cody Martin,1610612756,PHX,29.0,53,39,0.24,25,78,0.321,0.378,0.16,16,52,0.308,0.08,9,26,0.346
1630577,Julian Champagnie,1610612759,SAS,23.0,82,43,0.116,30,77,0.39,0.532,0.026,8,17,0.471,0.09,22,60,0.367
1628374,Lauri Markkanen,1610612762,UTA,28.0,47,35,0.11,26,77,0.338,0.396,0.066,17,46,0.37,0.044,9,31,0.29
1628988,Aaron Holiday,1610612745,HOU,28.0,62,37,0.284,29,76,0.382,0.48,0.116,14,31,0.452,0.168,15,45,0.333
1628997,Caleb Martin,1610612742,DAL,29.0,45,33,0.25,27,76,0.355,0.362,0.194,26,59,0.441,0.056,1,17,0.059
1628960,Grayson Allen,1610612756,PHX,29.0,64,43,0.155,27,76,0.355,0.5,0.037,5,18,0.278,0.119,22,58,0.379
1626167,Myles Turner,1610612754,IND,29.0,72,51,0.094,27,76,0.355,0.434,0.052,15,42,0.357,0.042,12,34,0.353
1626220,Royce O'Neale,1610612756,PHX,32.0,75,47,0.133,24,76,0.316,0.421,0.037,8,21,0.381,0.096,16,55,0.291
1641810,Antonio Reeves,1610612740,NOP,22.0,44,26,0.302,30,75,0.4,0.467,0.173,20,43,0.465,0.129,10,32,0.313
203084,Harrison Barnes,1610612759,SAS,33.0,82,48,0.108,32,74,0.432,0.554,0.041,14,28,0.5,0.067,18,46,0.391
1630596,Evan Mobley,1610612739,CLE,23.0,71,47,0.082,23,74,0.311,0.378,0.043,13,39,0.333,0.039,10,35,0.286
1642275,Tidjane Salaün,1610612766,CHA,19.0,60,41,0.214,20,74,0.27,0.385,0.049,3,17,0.176,0.165,17,57,0.298
1630590,Scotty Pippen Jr.,1610612763,MEM,24.0,78,47,0.124,23,73,0.315,0.349,0.08,18,47,0.383,0.044,5,26,0.192
1630541,Moses Moody,1610612744,GSW,23.0,74,48,0.127,26,72,0.361,0.465,0.063,11,36,0.306,0.063,15,36,0.417
1629022,Lonnie Walker IV,1610612755,PHI,26.0,20,17,0.34,26,72,0.361,0.451,0.137,13,29,0.448,0.203,13,43,0.302
1630538,Bones Hyland,1610612750,MIN,24.0,24,22,0.602,27,71,0.38,0.535,0.136,5,16,0.313,0.466,22,55,0.4
1630811,Keaton Wallace,1610612737,ATL,26.0,31,24,0.438,24,71,0.338,0.38,0.296,18,48,0.375,0.142,6,23,0.261
1630557,Corey Kispert,1610612764,WAS,26.0,61,37,0.126,24,71,0.338,0.451,0.041,8,23,0.348,0.085,16,48,0.333
1630583,Santi Aldama,1610612763,MEM,24.0,64,42,0.11,31,70,0.443,0.543,0.06,17,38,0.447,0.05,14,32,0.438
1630174,Aaron Nesmith,1610612754,IND,25.0,45,38,0.185,27,70,0.386,0.464,0.1,16,38,0.421,0.084,11,32,0.344
1628975,Jevon Carter,1610612741,CHI,29.0,36,26,0.466,24,68,0.353,0.471,0.103,8,15,0.533,0.363,16,53,0.302
1641724,Jett Howard,1610612753,ORL,21.0,60,36,0.256,22,67,0.328,0.396,0.099,13,26,0.5,0.156,9,41,0.22
204001,Kristaps Porziņģis,1610612738,BOS,29.0,42,32,0.121,21,67,0.313,0.328,0.099,19,55,0.345,0.022,2,12,0.167
1628971,Bruce Brown,1610612740,NOP,28.0,41,33,0.214,24,66,0.364,0.386,0.194,21,60,0.35,0.019,3,6,0.5
1631106,Tari Eason,1610612745,HOU,24.0,57,35,0.118,22,66,0.333,0.348,0.098,20,55,0.364,0.02,2,11,0.182
1630241,Sam Merrill,1610612739,CLE,29.0,71,38,0.156,21,66,0.318,0.47,0.009,1,4,0.25,0.146,20,62,0.323
202692,Alec Burks,1610612748,MIA,33.0,49,37,0.24,30,65,0.462,0.592,0.092,13,25,0.52,0.148,17,40,0.425
1629640,Keldon Johnson,1610612759,SAS,25.0,77,44,0.084,23,65,0.354,0.485,0.026,6,20,0.3,0.058,17,45,0.378
1630167,Obi Toppin,1610612754,IND,27.0,79,43,0.109,19,65,0.292,0.377,0.045,8,27,0.296,0.063,11,38,0.289
1629618,Jalen Pickett,1610612743,DEN,25.0,49,29,0.356,26,64,0.406,0.516,0.222,12,40,0.3,0.133,14,24,0.583
1628366,Lonzo Ball,1610612741,CHI,27.0,35,31,0.263,24,64,0.375,0.508,0.086,7,21,0.333,0.177,17,43,0.395
1629060,Rui Hachimura,1610612747,LAL,27.0,59,39,0.111,23,64,0.359,0.375,0.101,21,58,0.362,0.01,2,6,0.333
1641783,Tristan da Silva,1610612753,ORL,24.0,74,34,0.133,21,64,0.328,0.422,0.056,9,27,0.333,0.077,12,37,0.324
1641717,Cason Wallace,1610612760,OKC,21.0,68,40,0.131,20,64,0.313,0.367,0.078,13,38,0.342,0.053,7,26,0.269
1641720,Jalen Hood-Schifino,1610612755,PHI,21.0,15,14,0.643,26,63,0.413,0.484,0.337,17,33,0.515,0.306,9,30,0.3
1630552,Jalen Johnson,1610612737,ATL,23.0,36,30,0.117,14,63,0.222,0.254,0.086,10,46,0.217,0.032,4,17,0.235
203935,Marcus Smart,1610612764,WAS,31.0,34,25,0.241,26,62,0.419,0.524,0.101,13,26,0.5,0.14,13,36,0.361
1629013,Landry Shamet,1610612752,NYK,28.0,49,30,0.268,25,61,0.41,0.484,0.101,16,23,0.696,0.167,9,38,0.237
1628420,Monté Morris,1610612756,PHX,29.0,45,36,0.313,21,61,0.344,0.369,0.236,18,46,0.391,0.077,3,15,0.2
1629626,Bol Bol,1610612756,PHX,25.0,36,25,0.328,31,60,0.517,0.567,0.208,25,38,0.658,0.12,6,22,0.273
1630544,Tre Mann,1610612766,CHA,24.0,13,13,0.373,23,60,0.383,0.475,0.18,12,29,0.414,0.193,11,31,0.355
1629026,Kenrich Williams,1610612760,OKC,30.0,69,40,0.164,19,58,0.328,0.371,0.105,14,37,0.378,0.059,5,21,0.238
1642258,Zaccharie Risacher,1610612737,ATL,20.0,75,45,0.074,16,58,0.276,0.353,0.028,7,22,0.318,0.046,9,36,0.25
1642419,Jamison Battle,1610612761,TOR,24.0,59,29,0.164,25,57,0.439,0.561,0.066,11,23,0.478,0.098,14,34,0.412
1630249,Vít Krejčí,1610612737,ATL,24.0,57,31,0.195,24,57,0.421,0.57,0.041,7,12,0.583,0.154,17,45,0.378
1631323,Simone Fontecchio,1610612765,DET,29.0,75,41,0.153,17,57,0.298,0.36,0.072,10,27,0.37,0.08,7,30,0.233
203901,Elfrid Payton,1610612740,NOP,31.0,24,21,0.467,17,57,0.298,0.298,0.443,17,54,0.315,0.025,0,3,0.0
1630533,Ziaire Williams,1610612751,BKN,23.0,63,37,0.11,13,57,0.228,0.254,0.054,10,28,0.357,0.056,3,29,0.103
1631157,Ryan Rollins,1610612749,MIL,22.0,56,35,0.207,21,56,0.375,0.42,0.14,16,38,0.421,0.066,5,18,0.278
203937,Kyle Anderson,1610612748,MIA,31.0,61,34,0.186,17,56,0.304,0.348,0.133,12,40,0.3,0.053,5,16,0.313
1627739,Kris Dunn,1610612746,LAC,31.0,74,38,0.126,23,55,0.418,0.473,0.087,17,38,0.447,0.039,6,17,0.353
1630182,Josh Green,1610612766,CHA,24.0,68,38,0.131,15,55,0.273,0.3,0.097,12,41,0.293,0.033,3,14,0.214
1630322,Lindy Waters III,1610612765,DET,27.0,52,32,0.215,22,53,0.415,0.547,0.081,8,20,0.4,0.134,14,33,0.424
1631103,Malaki Branham,1610612759,SAS,22.0,47,22,0.279,19,53,0.358,0.425,0.174,12,33,0.364,0.105,7,20,0.35
1631221,Collin Gillespie,1610612756,PHX,25.0,33,24,0.329,20,52,0.385,0.5,0.152,8,24,0.333,0.177,12,28,0.429
1629622,Max Strus,1610612739,CLE,29.0,50,30,0.137,13,51,0.255,0.382,0.005,0,2,0.0,0.131,13,49,0.265
1631209,Isaiah Wong,1610612766,CHA,24.0,20,18,0.476,20,50,0.4,0.47,0.305,13,32,0.406,0.171,7,18,0.389
1628381,John Collins,1610612762,UTA,27.0,40,29,0.092,23,49,0.469,0.5,0.079,20,42,0.476,0.013,3,7,0.429
1630245,Ayo Dosunmu,1610612741,CHI,25.0,46,29,0.109,14,49,0.286,0.367,0.042,6,19,0.316,0.067,8,30,0.267
1641842,Ronald Holland II,1610612765,DET,19.0,81,36,0.116,16,48,0.333,0.396,0.058,10,24,0.417,0.058,6,24,0.25
1641854,Craig Porter Jr.,1610612739,CLE,25.0,51,25,0.336,20,47,0.426,0.564,0.121,7,17,0.412,0.214,13,30,0.433
1627777,Georges Niang,1610612737,ATL,31.0,79,36,0.074,19,46,0.413,0.5,0.039,11,24,0.458,0.035,8,22,0.364
1629726,Garrison Mathews,1610612737,ATL,28.0,47,28,0.179,14,46,0.304,0.424,0.035,3,9,0.333,0.144,11,37,0.297
1631096,Chet Holmgren,1610612760,OKC,23.0,32,24,0.135,14,46,0.304,0.37,0.106,8,36,0.222,0.029,6,10,0.6
1631222,Jake LaRavia,1610612758,SAC,23.0,66,29,0.131,15,44,0.341,0.455,0.047,5,16,0.313,0.083,10,28,0.357
202704,Reggie Jackson,1610612755,PHI,35.0,31,22,0.331,13,44,0.295,0.364,0.188,7,25,0.28,0.143,6,19,0.316
1629659,Talen Horton-Tucker,1610612741,CHI,24.0,58,27,0.151,12,44,0.273,0.364,0.045,4,13,0.308,0.107,8,31,0.258
1630592,Jalen Wilson,1610612751,BKN,24.0,79,29,0.071,11,44,0.25,0.284,0.037,8,23,0.348,0.034,3,21,0.143
1631170,Jaime Jaquez Jr.,1610612748,MIA,24.0,66,28,0.091,12,42,0.286,0.345,0.052,7,24,0.292,0.039,5,18,0.278
1642358,AJ Johnson,1610612764,WAS,20.0,29,19,0.197,10,42,0.238,0.357,0.014,0,3,0.0,0.183,10,39,0.256
1641732,Colby Jones,1610612764,WAS,23.0,39,22,0.318,17,41,0.415,0.5,0.186,10,24,0.417,0.132,7,17,0.412
1641787,Tosan Evbuomwan,1610612751,BKN,24.0,28,23,0.186,17,41,0.415,0.451,0.159,14,35,0.4,0.027,3,6,0.5
1628976,Wendell Carter Jr.,1610612753,ORL,26.0,68,31,0.084,13,41,0.317,0.317,0.081,13,40,0.325,0.002,0,1,0.0
1629028,Deandre Ayton,1610612757,POR,26.0,40,23,0.085,20,40,0.5,0.5,0.085,20,40,0.5,0.0,0,0,
1630314,Brandon Williams,1610612742,DAL,25.0,33,21,0.207,16,39,0.41,0.487,0.085,10,16,0.625,0.122,6,23,0.261
1630243,Trevelin Queen,1610612753,ORL,28.0,31,18,0.265,10,39,0.256,0.359,0.054,2,8,0.25,0.211,8,31,0.258
1630534,Ochai Agbaji,1610612761,TOR,25.0,64,27,0.069,16,37,0.432,0.541,0.036,8,19,0.421,0.034,8,18,0.444
203482,Kelly Olynyk,1610612740,NOP,34.0,44,24,0.138,14,37,0.378,0.459,0.09,8,24,0.333,0.049,6,13,0.462
1630526,Jeremiah Robinson-Earl,1610612740,NOP,24.0,66,26,0.107,13,37,0.351,0.351,0.078,13,27,0.481,0.029,0,10,0.0
1641824,Matas Buzelis,1610612741,CHI,20.0,80,26,0.067,11,37,0.297,0.392,0.031,4,17,0.235,0.036,7,20,0.35
1630570,Trendon Watford,1610612751,BKN,24.0,44,23,0.106,11,37,0.297,0.351,0.057,7,20,0.35,0.049,4,17,0.235
1642367,Jonathan Mogbo,1610612761,TOR,23.0,63,26,0.104,8,37,0.216,0.216,0.087,8,31,0.258,0.017,0,6,0.0
1629610,DaQuan Jeffries,1610612766,CHA,27.0,47,23,0.124,16,36,0.444,0.514,0.072,11,21,0.524,0.052,5,15,0.333
1630692,Jordan Goodwin,1610612747,LAL,26.0,29,18,0.25,14,36,0.389,0.417,0.181,12,26,0.462,0.069,2,10,0.2
201988,Patty Mills,1610612746,LAC,36.0,29,16,0.375,14,36,0.389,0.5,0.125,6,12,0.5,0.25,8,24,0.333
202709,Cory Joseph,1610612753,ORL,33.0,50,27,0.234,13,36,0.361,0.431,0.123,8,19,0.421,0.11,5,17,0.294
1629627,Zion Williamson,1610612740,NOP,24.0,30,18,0.071,13,36,0.361,0.375,0.057,12,29,0.414,0.014,1,7,0.143
200768,Kyle Lowry,1610612755,PHI,39.0,35,23,0.308,12,36,0.333,0.444,0.094,4,11,0.364,0.214,8,25,0.32
1641739,Toumani Camara,1610612757,POR,25.0,78,26,0.05,11,36,0.306,0.458,0.007,0,5,0.0,0.043,11,31,0.355
1627936,Alex Caruso,1610612760,OKC,31.0,54,28,0.115,10,36,0.278,0.347,0.045,5,14,0.357,0.07,5,22,0.227
1642269,Devin Carter,1610612758,SAC,23.0,36,21,0.283,7,36,0.194,0.25,0.094,3,12,0.25,0.189,4,24,0.167
203110,Draymond Green,1610612744,GSW,35.0,68,23,0.069,14,35,0.4,0.457,0.051,10,26,0.385,0.018,4,9,0.444
1641774,Tristan Vukcevic,1610612764,WAS,22.0,35,15,0.145,13,35,0.371,0.4,0.095,11,23,0.478,0.05,2,12,0.167
1628449,Chris Boucher,1610612761,TOR,32.0,50,28,0.095,13,35,0.371,0.429,0.049,9,18,0.5,0.046,4,17,0.235
1642346,Ryan Dunn,1610612756,PHX,22.0,74,27,0.074,12,35,0.343,0.386,0.044,9,21,0.429,0.029,3,14,0.214
1641745,Adam Flagler,1610612760,OKC,25.0,37,18,0.365,12,35,0.343,0.414,0.135,7,13,0.538,0.229,5,22,0.227
1641730,Noah Clowney,1610612751,BKN,20.0,46,25,0.094,9,35,0.257,0.343,0.043,3,16,0.188,0.051,6,19,0.316
1631107,Nikola Jović,1610612748,MIA,21.0,46,20,0.09,11,34,0.324,0.426,0.037,4,14,0.286,0.053,7,20,0.35
1631212,Peyton Watson,1610612743,DEN,22.0,68,23,0.079,8,33,0.242,0.258,0.064,7,27,0.259,0.014,1,6,0.167
1627884,Derrick Jones Jr.,1610612746,LAC,28.0,77,24,0.056,6,33,0.182,0.197,0.034,5,20,0.25,0.022,1,13,0.077
1630173,Precious Achiuwa,1610612752,NYK,25.0,56,24,0.098,13,32,0.406,0.406,0.095,13,31,0.419,0.003,0,1,0.0
1628365,Markelle Fultz,1610612758,SAC,27.0,21,14,0.463,12,31,0.387,0.387,0.448,12,30,0.4,0.015,0,1,0.0
1642262,Cody Williams,1610612762,UTA,20.0,50,20,0.121,6,31,0.194,0.21,0.097,5,25,0.2,0.023,1,6,0.167
1642271,Kyle Filipowski,1610612762,UTA,21.0,72,22,0.058,13,30,0.433,0.517,0.029,8,15,0.533,0.029,5,15,0.333
1641721,Maxwell Lewis,1610612751,BKN,22.0,28,18,0.278,11,30,0.367,0.45,0.13,6,14,0.429,0.148,5,16,0.313
1631288,Jamal Cain,1610612740,NOP,26.0,37,18,0.19,10,30,0.333,0.433,0.101,4,16,0.25,0.089,6,14,0.429
1641709,Ausar Thompson,1610612765,DET,22.0,59,25,0.065,5,30,0.167,0.183,0.048,4,22,0.182,0.017,1,8,0.125
202685,Jonas Valančiūnas,1610612758,SAC,33.0,81,25,0.046,9,29,0.31,0.31,0.046,9,29,0.31,0.0,0,0,
1642355,Bronny James,1610612747,LAL,20.0,27,16,0.433,9,29,0.31,0.414,0.179,3,12,0.25,0.254,6,17,0.353
1629162,Jordan McLaughlin,1610612759,SAS,29.0,46,18,0.389,15,28,0.536,0.732,0.111,4,8,0.5,0.278,11,20,0.55
1642349,Ajay Mitchell,1610612760,OKC,22.0,36,18,0.151,12,28,0.429,0.464,0.108,10,20,0.5,0.043,2,8,0.25
1627734,Domantas Sabonis,1610612758,SAC,29.0,70,20,0.031,11,28,0.393,0.429,0.029,9,26,0.346,0.002,2,2,1.0
1630699,MarJon Beauchamp,1610612752,NYK,24.0,35,18,0.431,10,28,0.357,0.464,0.215,4,14,0.286,0.215,6,14,0.429
1628371,Jonathan Isaac,1610612753,ORL,27.0,71,19,0.086,6,28,0.214,0.214,0.068,6,22,0.273,0.019,0,6,0.0
203957,Danté Exum,1610612742,DAL,29.0,20,14,0.201,9,27,0.333,0.37,0.119,7,16,0.438,0.082,2,11,0.182
1642276,Kel'el Ware,1610612748,MIA,21.0,64,21,0.058,9,27,0.333,0.352,0.047,8,22,0.364,0.011,1,5,0.2
1641767,Ben Sheppard,1610612754,IND,23.0,63,21,0.091,9,26,0.346,0.423,0.021,5,6,0.833,0.07,4,20,0.2
1629684,Grant Williams,1610612766,CHA,26.0,16,14,0.211,9,26,0.346,0.423,0.106,5,13,0.385,0.106,4,13,0.308
1631248,Baylor Scheierman,1610612738,BOS,24.0,31,14,0.236,8,26,0.308,0.423,0.1,2,11,0.182,0.136,6,15,0.4
1630551,Justin Champagnie,1610612764,WAS,23.0,62,24,0.063,4,26,0.154,0.192,0.015,2,6,0.333,0.049,2,20,0.1
1631104,Blake Wesley,1610612759,SAS,22.0,58,21,0.134,7,25,0.28,0.32,0.102,5,19,0.263,0.032,2,6,0.333
1630200,Tre Jones,1610612741,CHI,25.0,46,21,0.105,6,25,0.24,0.26,0.084,5,20,0.25,0.021,1,5,0.2
1629669,Jaylen Nowell,1610612740,NOP,25.0,8,7,0.342,5,25,0.2,0.2,0.247,5,18,0.278,0.096,0,7,0.0
1641713,GG Jackson,1610612763,MEM,20.0,29,17,0.121,7,24,0.292,0.354,0.05,4,10,0.4,0.07,3,14,0.214
1631216,Caleb Houstan,1610612753,ORL,22.0,58,18,0.121,11,23,0.478,0.587,0.058,6,11,0.545,0.063,5,12,0.417
1641748,Andre Jackson Jr.,1610612749,MIL,23.0,67,20,0.117,9,23,0.391,0.478,0.071,5,14,0.357,0.046,4,9,0.444
1629651,Nic Claxton,1610612751,BKN,26.0,70,20,0.04,8,23,0.348,0.348,0.04,8,23,0.348,0.0,0,0,
202693,Markieff Morris,1610612747,LAL,35.0,15,11,0.329,7,23,0.304,0.304,0.257,7,18,0.389,0.071,0,5,0.0
1631172,Ousmane Dieng,1610612760,OKC,22.0,37,14,0.184,5,23,0.217,0.261,0.072,3,9,0.333,0.112,2,14,0.143
1631311,Lester Quinones,1610612740,NOP,24.0,13,8,0.295,4,23,0.174,0.239,0.09,1,7,0.143,0.205,3,16,0.188
1629312,Haywood Highsmith,1610612748,MIA,28.0,74,21,0.056,10,22,0.455,0.568,0.026,5,10,0.5,0.031,5,12,0.417
1626192,Pat Connaughton,1610612749,MIL,32.0,41,13,0.124,9,22,0.409,0.545,0.017,3,3,1.0,0.107,6,19,0.316
1628392,Isaiah Hartenstein,1610612760,OKC,27.0,57,19,0.046,9,22,0.409,0.409,0.046,9,22,0.409,0.0,0,0,
1642285,Cam Spencer,1610612763,MEM,25.0,25,11,0.268,8,22,0.364,0.477,0.098,3,8,0.375,0.171,5,14,0.357
1631246,Vince Williams Jr.,1610612763,MEM,24.0,26,14,0.137,8,22,0.364,0.455,0.056,4,9,0.444,0.081,4,13,0.308
1631098,Johnny Davis,1610612764,WAS,23.0,34,17,0.282,7,22,0.318,0.409,0.115,3,9,0.333,0.167,4,13,0.308
1631245,Quenton Jackson,1610612754,IND,26.0,28,13,0.18,6,22,0.273,0.386,0.057,1,7,0.143,0.123,5,15,0.333
1631102,TyTy Washington Jr.,1610612756,PHX,23.0,16,9,0.489,6,22,0.273,0.295,0.356,5,16,0.313,0.133,1,6,0.167
1641712,Rayan Rupert,1610612757,POR,21.0,52,13,0.155,6,22,0.273,0.341,0.049,3,7,0.429,0.106,3,15,0.2
1626153,Delon Wright,1610612752,NYK,33.0,40,15,0.168,4,22,0.182,0.227,0.038,2,5,0.4,0.13,2,17,0.118
201145,Jeff Green,1610612745,HOU,38.0,32,15,0.174,12,21,0.571,0.595,0.124,11,15,0.733,0.05,1,6,0.167
1630311,Pat Spencer,1610612744,GSW,28.0,39,11,0.208,9,21,0.429,0.429,0.149,9,15,0.6,0.059,0,6,0.0
201569,Eric Gordon,1610612755,PHI,36.0,39,16,0.103,9,21,0.429,0.548,0.034,4,7,0.571,0.069,5,14,0.357
1627814,Damion Lee,1610612756,PHX,32.0,25,12,0.284,8,21,0.381,0.405,0.189,7,14,0.5,0.095,1,7,0.143
1626168,Trey Lyles,1610612758,SAC,29.0,69,18,0.056,4,21,0.19,0.214,0.019,3,7,0.429,0.037,1,14,0.071
1627732,Ben Simmons,1610612746,LAC,28.0,51,18,0.09,10,20,0.5,0.5,0.09,10,20,0.5,0.0,0,0,
1630168,Onyeka Okongwu,1610612737,ATL,24.0,74,14,0.029,7,20,0.35,0.35,0.026,7,18,0.389,0.003,0,2,0.0
1627824,Guerschon Yabusele,1610612755,PHI,29.0,70,16,0.036,5,20,0.25,0.3,0.016,3,9,0.333,0.02,2,11,0.182
1631111,Wendell Moore Jr.,1610612766,CHA,23.0,36,17,0.159,4,20,0.2,0.225,0.103,3,13,0.231,0.056,1,7,0.143
1631110,Jeremy Sochan,1610612759,SAS,22.0,54,15,0.043,3,20,0.15,0.175,0.03,2,14,0.143,0.013,1,6,0.167
1642278,Tyler Kolek,1610612752,NYK,24.0,41,16,0.244,2,20,0.1,0.1,0.122,2,10,0.2,0.122,0,10,0.0
1630572,Sandro Mamukelashvili,1610612759,SAS,26.0,61,17,0.068,10,19,0.526,0.658,0.025,5,7,0.714,0.043,5,12,0.417
1631306,Cole Swider,1610612761,TOR,26.0,10,9,0.302,8,19,0.421,0.474,0.143,6,9,0.667,0.159,2,10,0.2
1630531,Jaden Springer,1610612762,UTA,22.0,43,14,0.211,5,19,0.263,0.316,0.111,3,10,0.3,0.1,2,9,0.222
1641796,Pelle Larsson,1610612748,MIA,24.0,55,12,0.094,2,19,0.105,0.158,0.03,0,6,0.0,0.064,2,13,0.154
1629006,Josh Okogie,1610612766,CHA,26.0,40,15,0.085,7,18,0.389,0.5,0.038,3,8,0.375,0.047,4,10,0.4
1629634,Brandon Clarke,1610612763,MEM,28.0,63,14,0.048,6,18,0.333,0.333,0.048,6,18,0.333,0.0,0,0,
1641794,Dillon Jones,1610612760,OKC,23.0,54,14,0.135,4,18,0.222,0.25,0.075,3,10,0.3,0.06,1,8,0.125
1641736,Reece Beekman,1610612751,BKN,23.0,36,13,0.168,2,18,0.111,0.111,0.131,2,14,0.143,0.037,0,4,0.0
1631232,Keion Brooks Jr.,1610612740,NOP,24.0,14,11,0.156,10,17,0.588,0.618,0.128,9,14,0.643,0.028,1,3,0.333
1631200,Kris Murray,1610612757,POR,24.0,69,16,0.061,4,17,0.235,0.353,0.0,0,0,,0.061,4,17,0.235
1630539,Kai Jones,1610612742,DAL,24.0,40,13,0.156,4,17,0.235,0.265,0.119,3,13,0.231,0.037,1,4,0.25
1642345,Oso Ighodaro,1610612756,PHX,22.0,61,15,0.086,10,16,0.625,0.625,0.075,10,14,0.714,0.011,0,2,0.0
1642530,Yuki Kawamura,1610612763,MEM,24.0,22,10,0.533,7,16,0.438,0.563,0.167,3,5,0.6,0.367,4,11,0.364
1628418,Thomas Bryant,1610612754,IND,27.0,66,16,0.05,6,16,0.375,0.438,0.019,4,6,0.667,0.031,2,10,0.2
1627827,Dorian Finney-Smith,1610612747,LAL,32.0,63,13,0.037,6,16,0.375,0.469,0.018,3,8,0.375,0.018,3,8,0.375
1641725,Trey Alexander,1610612743,DEN,22.0,24,9,0.39,6,16,0.375,0.375,0.341,6,14,0.429,0.049,0,2,0.0
202066,Garrett Temple,1610612761,TOR,39.0,28,8,0.267,4,16,0.25,0.281,0.183,3,11,0.273,0.083,1,5,0.2
203914,Gary Harris,1610612753,ORL,30.0,48,11,0.113,7,15,0.467,0.633,0.045,2,6,0.333,0.068,5,9,0.556
1627751,Jakob Poeltl,1610612761,TOR,29.0,57,13,0.026,6,15,0.4,0.4,0.022,6,13,0.462,0.003,0,2,0.0
1642281,Jaylon Tyson,1610612739,CLE,22.0,47,8,0.101,6,15,0.4,0.5,0.067,3,10,0.3,0.034,3,5,0.6
1631223,David Roddy,1610612745,HOU,24.0,33,12,0.12,5,15,0.333,0.467,0.032,1,4,0.25,0.088,4,11,0.364
1630545,Terrence Shannon Jr.,1610612750,MIN,24.0,32,12,0.132,5,15,0.333,0.4,0.088,3,10,0.3,0.044,2,5,0.4
1641878,Damion Baugh,1610612766,CHA,24.0,15,12,0.115,2,15,0.133,0.167,0.038,1,5,0.2,0.077,1,10,0.1
1641765,Olivier-Maxence Prosper,1610612742,DAL,22.0,52,12,0.086,0,15,0.0,0.0,0.046,0,8,0.0,0.04,0,7,0.0
201567,Kevin Love,1610612748,MIA,36.0,23,10,0.122,6,14,0.429,0.607,0.035,1,4,0.25,0.087,5,10,0.5
1630188,Jalen Smith,1610612741,CHI,25.0,64,13,0.034,5,14,0.357,0.464,0.015,2,6,0.333,0.02,3,8,0.375
1630556,Kessler Edwards,1610612742,DAL,24.0,40,12,0.104,4,14,0.286,0.286,0.081,4,11,0.364,0.022,0,3,0.0
1641816,Hunter Tyson,1610612743,DEN,24.0,51,12,0.117,4,14,0.286,0.321,0.05,3,6,0.5,0.067,1,8,0.125
1631115,Orlando Robinson,1610612761,TOR,24.0,44,11,0.054,3,14,0.214,0.214,0.046,3,12,0.25,0.008,0,2,0.0
1641757,Jordan Miller,1610612746,LAC,25.0,37,10,0.104,3,14,0.214,0.214,0.06,3,8,0.375,0.045,0,6,0.0
1641727,Dariq Whitehead,1610612751,BKN,20.0,20,9,0.146,1,14,0.071,0.107,0.042,0,4,0.0,0.104,1,10,0.1
203994,Jusuf Nurkić,1610612766,CHA,30.0,51,12,0.04,0,14,0.0,0.0,0.011,0,4,0.0,0.028,0,10,0.0
203926,Doug McDermott,1610612758,SAC,33.0,42,10,0.111,5,13,0.385,0.5,0.043,2,5,0.4,0.068,3,8,0.375
1642484,RayJ Dennis,1610612754,IND,24.0,11,5,0.394,5,13,0.385,0.5,0.152,2,5,0.4,0.242,3,8,0.375
1631120,JD Davison,1610612738,BOS,22.0,16,6,0.382,4,13,0.308,0.385,0.206,2,7,0.286,0.176,2,6,0.333
1630529,Herbert Jones,1610612740,NOP,26.0,20,9,0.076,4,13,0.308,0.308,0.052,4,9,0.444,0.023,0,4,0.0
1641723,Kobe Bufkin,1610612737,ATL,21.0,10,7,0.277,4,13,0.308,0.346,0.17,3,8,0.375,0.106,1,5,0.2
1629731,Dean Wade,1610612739,CLE,28.0,59,11,0.048,4,13,0.308,0.385,0.022,2,6,0.333,0.026,2,7,0.286
1641798,Jaylen Martin,1610612764,WAS,21.0,16,7,0.176,3,13,0.231,0.308,0.135,1,10,0.1,0.041,2,3,0.667
1630171,Isaac Okoro,1610612739,CLE,24.0,55,11,0.049,3,13,0.231,0.346,0.007,0,2,0.0,0.041,3,11,0.273
1628467,Maxi Kleber,1610612747,LAL,33.0,34,9,0.125,7,12,0.583,0.625,0.104,6,10,0.6,0.021,1,2,0.5
1641809,Drew Peterson,1610612738,BOS,25.0,25,8,0.293,7,12,0.583,0.792,0.049,2,2,1.0,0.244,5,10,0.5
1631217,Moussa Diabaté,1610612766,CHA,23.0,71,12,0.043,6,12,0.5,0.5,0.039,6,11,0.545,0.004,0,1,0.0
1628464,Daniel Theis,1610612740,NOP,33.0,38,12,0.093,6,12,0.5,0.5,0.085,6,11,0.545,0.008,0,1,0.0
201587,Nicolas Batum,1610612746,LAC,36.0,78,12,0.05,2,12,0.167,0.25,0.008,0,2,0.0,0.042,2,10,0.2
1631207,Dalen Terry,1610612741,CHI,22.0,73,12,0.045,2,12,0.167,0.208,0.022,1,6,0.167,0.022,1,6,0.167
1629750,Javonte Green,1610612739,CLE,31.0,68,9,0.042,2,12,0.167,0.208,0.031,1,9,0.111,0.01,1,3,0.333
1630191,Isaiah Stewart,1610612765,DET,24.0,72,11,0.038,2,12,0.167,0.167,0.025,2,8,0.25,0.013,0,4,0.0
1629234,Drew Eubanks,1610612746,LAC,28.0,61,10,0.057,6,11,0.545,0.591,0.052,5,10,0.5,0.005,1,1,1.0
1627826,Ivica Zubac,1610612746,LAC,28.0,80,11,0.012,6,11,0.545,0.545,0.012,6,11,0.545,0.0,0,0,
1629111,Jock Landale,1610612745,HOU,29.0,42,11,0.072,5,11,0.455,0.545,0.046,3,7,0.429,0.026,2,4,0.5
1631109,Mark Williams,1610612766,CHA,23.0,44,9,0.025,4,11,0.364,0.364,0.022,4,10,0.4,0.002,0,1,0.0
1626172,Kevon Looney,1610612744,GSW,29.0,76,11,0.04,3,11,0.273,0.273,0.036,3,10,0.3,0.004,0,1,0.0
1629001,De'Anthony Melton,1610612751,BKN,27.0,6,6,0.204,3,11,0.273,0.409,0.019,0,1,0.0,0.185,3,10,0.3
1630643,Jay Huff,1610612763,MEM,27.0,64,8,0.033,6,10,0.6,0.8,0.013,2,4,0.5,0.02,4,6,0.667
1641734,Emoni Bates,1610612739,CLE,21.0,10,5,0.263,4,10,0.4,0.6,0.026,0,1,0.0,0.237,4,9,0.444
1630639,A.J. Lawson,1610612761,TOR,24.0,26,9,0.053,4,10,0.4,0.6,0.011,0,2,0.0,0.042,4,8,0.5
1631197,Jared Rhoden,1610612761,TOR,25.0,14,6,0.115,3,10,0.3,0.45,0.046,0,4,0.0,0.069,3,6,0.5
1630549,Day'Ron Sharpe,1610612751,BKN,23.0,50,10,0.032,2,10,0.2,0.2,0.025,2,8,0.25,0.006,0,2,0.0
1630696,Dru Smith,1610612748,MIA,27.0,14,7,0.164,2,10,0.2,0.3,0.066,0,4,0.0,0.098,2,6,0.333
1630165,Killian Hayes,1610612751,BKN,23.0,6,6,0.233,2,10,0.2,0.25,0.116,1,5,0.2,0.116,1,5,0.2
1628436,Luke Kornet,1610612738,BOS,29.0,73,8,0.032,5,9,0.556,0.556,0.025,5,7,0.714,0.007,0,2,0.0
1628470,Torrey Craig,1610612738,BOS,34.0,26,8,0.1,4,9,0.444,0.611,0.033,1,3,0.333,0.067,3,6,0.5
1630550,JT Thor,1610612764,WAS,22.0,20,6,0.153,4,9,0.444,0.444,0.136,4,8,0.5,0.017,0,1,0.0
1631119,Jaylin Williams,1610612760,OKC,22.0,47,8,0.041,4,9,0.444,0.5,0.036,3,8,0.375,0.005,1,1,1.0
1630611,Gui Santos,1610612744,GSW,22.0,56,9,0.05,2,9,0.222,0.278,0.017,1,3,0.333,0.034,1,6,0.167
1630537,Chris Duarte,1610612741,CHI,27.0,17,8,0.346,2,9,0.222,0.333,0.0,0,0,,0.346,2,9,0.222
204060,Joe Ingles,1610612750,MIN,37.0,19,7,0.391,1,9,0.111,0.167,0.087,0,2,0.0,0.304,1,7,0.143
1630194,Paul Reed,1610612765,DET,25.0,45,9,0.063,1,9,0.111,0.111,0.035,1,5,0.2,0.028,0,4,0.0
202684,Tristan Thompson,1610612739,CLE,34.0,40,8,0.127,0,9,0.0,0.0,0.113,0,8,0.0,0.014,0,1,0.0
1630205,Lamar Stevens,1610612763,MEM,27.0,17,5,0.127,5,8,0.625,0.688,0.079,4,5,0.8,0.048,1,3,0.333
201143,Al Horford,1610612738,BOS,39.0,60,8,0.018,3,8,0.375,0.438,0.013,2,6,0.333,0.004,1,2,0.5
1631301,Jaylen Sims,1610612766,CHA,26.0,6,5,0.286,3,8,0.375,0.5,0.143,1,4,0.25,0.143,2,4,0.5
1630568,Luka Garza,1610612750,MIN,26.0,39,7,0.076,2,8,0.25,0.25,0.067,2,7,0.286,0.01,0,1,0.0
1641740,Jaylen Clark,1610612750,MIN,23.0,40,8,0.067,2,8,0.25,0.25,0.05,2,6,0.333,0.017,0,2,0.0
1642353,Cam Christie,1610612746,LAC,19.0,13,7,0.333,1,8,0.125,0.125,0.083,1,2,0.5,0.25,0,6,0.0
1642366,Quinten Post,1610612744,GSW,25.0,42,6,0.026,4,7,0.571,0.714,0.011,2,3,0.667,0.015,2,4,0.5
1641789,Jazian Gortman,1610612742,DAL,22.0,16,6,0.304,4,7,0.571,0.714,0.174,2,4,0.5,0.13,2,3,0.667
1629680,Matisse Thybulle,1610612757,POR,28.0,15,7,0.08,3,7,0.429,0.643,0.011,0,1,0.0,0.068,3,6,0.5
1630346,Matt Ryan,1610612752,NYK,28.0,19,6,0.226,2,7,0.286,0.357,0.097,1,3,0.333,0.129,1,4,0.25
1630208,Nick Richards,1610612756,PHX,27.0,57,7,0.02,1,7,0.143,0.143,0.017,1,6,0.167,0.003,0,1,0.0
1631166,Drew Timme,1610612751,BKN,24.0,9,5,0.069,1,7,0.143,0.214,0.039,0,4,0.0,0.029,1,3,0.333
1628386,Jarrett Allen,1610612739,CLE,27.0,82,7,0.011,0,7,0.0,0.0,0.011,0,7,0.0,0.0,0,0,
1631243,Mouhamed Gueye,1610612737,ATL,22.0,33,4,0.035,2,6,0.333,0.333,0.023,2,4,0.5,0.012,0,2,0.0
1641744,Zach Edey,1610612763,MEM,23.0,65,6,0.014,2,6,0.333,0.333,0.012,2,5,0.4,0.002,0,1,0.0
1627780,Gary Payton II,1610612744,GSW,32.0,62,6,0.02,2,6,0.333,0.417,0.01,1,3,0.333,0.01,1,3,0.333
1631133,Jabari Walker,1610612757,POR,22.0,60,6,0.026,2,6,0.333,0.417,0.017,1,4,0.25,0.009,1,2,0.5
1630585,Marcus Garrett,1610612766,CHA,26.0,4,3,0.222,1,6,0.167,0.167,0.185,1,5,0.2,0.037,0,1,0.0
1629629,Cam Reddish,1610612747,LAL,25.0,33,5,0.064,1,6,0.167,0.167,0.032,1,3,0.333,0.032,0,3,0.0
1630528,Josh Christopher,1610612748,MIA,23.0,14,3,0.194,1,6,0.167,0.167,0.097,1,3,0.333,0.097,0,3,0.0
1631116,Patrick Baldwin Jr.,1610612746,LAC,22.0,24,6,0.171,1,6,0.167,0.25,0.0,0,0,,0.171,1,6,0.167
1630542,Marcus Bagley,1610612755,PHI,23.0,10,6,0.087,0,6,0.0,0.0,0.029,0,2,0.0,0.058,0,4,0.0
1631105,Jalen Duren,1610612765,DET,21.0,78,5,0.009,3,5,0.6,0.6,0.009,3,5,0.6,0.0,0,0,
1628995,Kevin Knox II,1610612744,GSW,25.0,14,5,0.139,3,5,0.6,0.7,0.111,2,4,0.5,0.028,1,1,1.0
1628380,Zach Collins,1610612741,CHI,27.0,64,5,0.017,2,5,0.4,0.4,0.013,2,4,0.5,0.003,0,1,0.0
1626204,Larry Nance Jr.,1610612737,ATL,32.0,24,5,0.032,1,5,0.2,0.2,0.026,1,4,0.25,0.006,0,1,0.0
1641989,Elijah Harkless,1610612762,UTA,25.0,10,3,0.143,1,5,0.2,0.3,0.057,0,2,0.0,0.086,1,3,0.333
1629723,John Konchar,1610612763,MEM,29.0,46,5,0.055,1,5,0.2,0.2,0.033,1,3,0.333,0.022,0,2,0.0
1631230,Dominick Barlow,1610612737,ATL,22.0,35,5,0.044,1,5,0.2,0.2,0.044,1,5,0.2,0.0,0,0,
1642359,Pacôme Dadiet,1610612752,NYK,19.0,18,4,0.161,1,5,0.2,0.2,0.129,1,4,0.25,0.032,0,1,0.0
1642277,Johnny Furphy,1610612754,IND,20.0,50,5,0.054,0,5,0.0,0.0,0.011,0,1,0.0,0.043,0,4,0.0
1630649,Stanley Umude,1610612749,MIL,26.0,22,3,0.192,0,5,0.0,0.0,0.192,0,5,0.0,0.0,0,0,
1630256,Jae'Sean Tate,1610612745,HOU,29.0,52,5,0.034,0,5,0.0,0.0,0.014,0,2,0.0,0.02,0,3,0.0
201949,James Johnson,1610612754,IND,38.0,12,3,0.364,1,4,0.25,0.25,0.364,1,4,0.25,0.0,0,0,
1626196,Josh Richardson,1610612748,MIA,31.0,8,4,0.105,1,4,0.25,0.25,0.079,1,3,0.333,0.026,0,1,0.0
1630201,Malachi Flynn,1610612766,CHA,27.0,4,1,0.308,1,4,0.25,0.25,0.308,1,4,0.25,0.0,0,0,
1631250,Pete Nance,1610612749,MIL,25.0,13,4,0.125,1,4,0.25,0.25,0.063,1,2,0.5,0.063,0,2,0.0
1628963,Marvin Bagley III,1610612763,MEM,26.0,31,4,0.038,1,4,0.25,0.25,0.038,1,4,0.25,0.0,0,0,
1630623,Tyson Etienne,1610612751,BKN,25.0,7,4,0.077,1,4,0.25,0.25,0.019,1,1,1.0,0.058,0,3,0.0
1629643,Chuma Okeke,1610612739,CLE,26.0,9,4,0.1,1,4,0.25,0.375,0.0,0,0,,0.1,1,4,0.25
1629098,Jack McVeigh,1610612745,HOU,28.0,9,3,0.235,1,4,0.25,0.25,0.118,1,2,0.5,0.118,0,2,0.0
1629021,Moritz Wagner,1610612753,ORL,28.0,30,4,0.016,1,4,0.25,0.25,0.012,1,3,0.333,0.004,0,1,0.0
1629646,Charles Bassey,1610612759,SAS,24.0,36,3,0.034,1,4,0.25,0.25,0.034,1,4,0.25,0.0,0,0,
1641707,Taylor Hendricks,1610612762,UTA,21.0,3,3,0.222,1,4,0.25,0.375,0.167,0,3,0.0,0.056,1,1,1.0
1641775,Jordan Walsh,1610612738,BOS,21.0,52,4,0.048,1,4,0.25,0.375,0.0,0,0,,0.048,1,4,0.25
1641738,Kobe Brown,1610612746,LAC,25.0,40,4,0.056,0,4,0.0,0.0,0.028,0,2,0.0,0.028,0,2,0.0
1630264,Anthony Gill,1610612764,WAS,32.0,51,4,0.045,0,4,0.0,0.0,0.034,0,3,0.0,0.011,0,1,0.0
1630762,Phillip Wheeler,1610612755,PHI,23.0,5,3,0.19,0,4,0.0,0.0,0.0,0,0,,0.19,0,4,0.0
203486,Mason Plumlee,1610612756,PHX,35.0,74,3,0.02,0,4,0.0,0.0,0.005,0,1,0.0,0.015,0,3,0.0
1641772,Nae'Qwan Tomlin,1610612739,CLE,24.0,5,2,0.125,0,4,0.0,0.0,0.031,0,1,0.0,0.094,0,3,0.0
1642270,Donovan Clingan,1610612757,POR,21.0,67,4,0.012,0,4,0.0,0.0,0.003,0,1,0.0,0.009,0,3,0.0
1631466,Nate Williams,1610612745,HOU,26.0,20,4,0.065,0,4,0.0,0.0,0.032,0,2,0.0,0.032,0,2,0.0
1626158,Richaun Holmes,1610612764,WAS,31.0,31,4,0.029,0,4,0.0,0.0,0.022,0,3,0.0,0.007,0,1,0.0
1642461,Spencer Jones,1610612743,DEN,23.0,20,3,0.088,2,3,0.667,0.667,0.088,2,3,0.667,0.0,0,0,
1642384,Isaiah Crawford,1610612758,SAC,23.0,15,2,0.273,2,3,0.667,0.833,0.182,1,2,0.5,0.091,1,1,1.0
1631210,Jacob Toppin,1610612737,ATL,25.0,17,3,0.136,2,3,0.667,0.667,0.091,2,2,1.0,0.045,0,1,0.0
1630574,Ariel Hukporti,1610612752,NYK,23.0,25,3,0.097,2,3,0.667,0.667,0.097,2,3,0.667,0.0,0,0,
1630222,Mason Jones,1610612758,SAC,26.0,10,3,0.167,2,3,0.667,0.667,0.111,2,2,1.0,0.056,0,1,0.0
1631123,Jamaree Bouyea,1610612749,MIL,25.0,5,1,0.25,2,3,0.667,0.833,0.083,1,1,1.0,0.167,1,2,0.5
1642382,Branden Carlson,1610612760,OKC,25.0,32,3,0.031,2,3,0.667,0.667,0.021,2,2,1.0,0.01,0,1,0.0
1629655,Daniel Gafford,1610612742,DAL,26.0,57,2,0.007,1,3,0.333,0.333,0.007,1,3,0.333,0.0,0,0,
1642450,Daniss Jenkins,1610612765,DET,23.0,7,3,0.3,1,3,0.333,0.5,0.0,0,0,,0.3,1,3,0.333
1641998,Trey Jemison III,1610612747,LAL,25.0,38,3,0.041,1,3,0.333,0.333,0.041,1,3,0.333,0.0,0,0,
1641871,Duop Reath,1610612757,POR,28.0,46,3,0.018,1,3,0.333,0.5,0.006,0,1,0.0,0.012,1,2,0.5
1641879,Yuri Collins,1610612744,GSW,24.0,2,1,1.0,1,3,0.333,0.333,1.0,1,3,0.333,0.0,0,0,
1641755,Kevin McCullar Jr.,1610612752,NYK,24.0,4,2,0.429,0,3,0.0,0.0,0.429,0,3,0.0,0.0,0,0,
1630695,Micah Potter,1610612762,UTA,27.0,38,3,0.022,0,3,0.0,0.0,0.0,0,0,,0.022,0,3,0.0
1631121,Bryce McGowens,1610612757,POR,22.0,13,2,0.214,0,3,0.0,0.0,0.071,0,1,0.0,0.143,0,2,0.0
1629052,Oshae Brissett,1610612755,PHI,26.0,6,1,0.051,2,2,1.0,1.5,0.0,0,0,,0.051,2,2,1.0
203458,Alex Len,1610612747,LAL,31.0,46,2,0.032,2,2,1.0,1.25,0.016,1,1,1.0,0.016,1,1,1.0
1642505,Alex Ducas,1610612760,OKC,24.0,21,2,0.067,1,2,0.5,0.5,0.067,1,2,0.5,0.0,0,0,
1642280,Trentyn Flowers,1610612746,LAC,20.0,6,2,0.182,1,2,0.5,0.5,0.182,1,2,0.5,0.0,0,0,
1642050,Jackson Rowe,1610612744,GSW,28.0,6,2,0.118,1,2,0.5,0.75,0.0,0,0,,0.118,1,2,0.5
1642274,Yves Missi,1610612740,NOP,21.0,73,2,0.004,1,2,0.5,0.5,0.004,1,2,0.5,0.0,0,0,
203083,Andre Drummond,1610612755,PHI,31.0,40,2,0.009,1,2,0.5,0.5,0.004,1,1,1.0,0.004,0,1,0.0
1631132,Christian Koloko,1610612747,LAL,24.0,37,2,0.03,1,2,0.5,0.5,0.015,1,1,1.0,0.015,0,1,0.0
1641890,Tyler Smith,1610612749,MIL,20.0,23,2,0.04,1,2,0.5,0.75,0.02,0,1,0.0,0.02,1,1,1.0
1641803,Tristen Newton,1610612750,MIN,24.0,8,2,0.25,0,2,0.0,0.0,0.125,0,1,0.0,0.125,0,1,0.0
1629048,Goga Bitadze,1610612753,ORL,25.0,70,2,0.006,0,2,0.0,0.0,0.003,0,1,0.0,0.003,0,1,0.0
1629650,Moses Brown,1610612742,DAL,25.0,13,2,0.041,0,2,0.0,0.0,0.041,0,2,0.0,0.0,0,0,
201959,Taj Gibson,1610612766,CHA,39.0,37,2,0.021,0,2,0.0,0.0,0.021,0,2,0.0,0.0,0,0,
1631247,Luke Travers,1610612739,CLE,23.0,12,2,0.1,0,2,0.0,0.0,0.0,0,0,,0.1,0,2,0.0
1631386,Tazé Moore,1610612757,POR,26.0,2,1,0.2,0,2,0.0,0.0,0.1,0,1,0.0,0.1,0,1,0.0
1641815,Isaiah Stevens,1610612748,MIA,24.0,3,2,1.0,0,2,0.0,0.0,0.5,0,1,0.0,0.5,0,1,0.0
1630658,Colin Castleton,1610612761,TOR,25.0,26,2,0.02,0,2,0.0,0.0,0.01,0,1,0.0,0.01,0,1,0.0
1629057,Robert Williams III,1610612757,POR,27.0,20,2,0.026,0,2,0.0,0.0,0.026,0,2,0.0,0.0,0,0,
1641763,Julian Phillips,1610612741,CHI,21.0,79,2,0.007,0,2,0.0,0.0,0.007,0,2,0.0,0.0,0,0,
1631131,Oscar Tshiebwe,1610612762,UTA,25.0,14,2,0.029,0,2,0.0,0.0,0.029,0,2,0.0,0.0,0,0,
203109,Jae Crowder,1610612758,SAC,34.0,9,2,0.091,0,2,0.0,0.0,0.045,0,1,0.0,0.045,0,1,0.0
1631321,Sidy Cissoko,1610612757,POR,21.0,22,2,0.067,0,2,0.0,0.0,0.033,0,1,0.0,0.033,0,1,0.0
1631159,Leonard Miller,1610612750,MIN,21.0,13,2,0.133,0,2,0.0,0.0,0.067,0,1,0.0,0.067,0,1,0.0
203497,Rudy Gobert,1610612750,MIN,32.0,72,2,0.004,0,2,0.0,0.0,0.004,0,2,0.0,0.0,0,0,
1631169,Josh Minott,1610612750,MIN,22.0,46,2,0.022,0,2,0.0,0.0,0.0,0,0,,0.022,0,2,0.0
1631117,Walker Kessler,1610612762,UTA,23.0,58,2,0.005,0,2,0.0,0.0,0.002,0,1,0.0,0.002,0,1,0.0
1641752,Bobi Klintman,1610612765,DET,22.0,8,1,0.1,1,1,1.0,1.5,0.0,0,0,,0.1,1,1,1.0
1631255,Karlo Matković,1610612740,NOP,24.0,42,1,0.004,1,1,1.0,1.0,0.004,1,1,1.0,0.0,0,0,
1642352,Keshad Johnson,1610612748,MIA,23.0,16,1,0.038,1,1,1.0,1.5,0.0,0,0,,0.038,1,1,1.0
203500,Steven Adams,1610612745,HOU,31.0,58,1,0.006,1,1,1.0,1.0,0.006,1,1,1.0,0.0,0,0,
203967,Dario Šarić,1610612743,DEN,31.0,16,1,0.018,0,1,0.0,0.0,0.0,0,0,,0.018,0,1,0.0
1641779,Jalen Bridges,1610612756,PHX,24.0,8,1,0.143,0,1,0.0,0.0,0.0,0,0,,0.143,0,1,0.0
1629020,Jarred Vanderbilt,1610612747,LAL,26.0,36,1,0.008,0,1,0.0,0.0,0.008,0,1,0.0,0.0,0,0,
1630214,Xavier Tillman,1610612738,BOS,26.0,33,1,0.019,0,1,0.0,0.0,0.0,0,0,,0.019,0,1,0.0
200782,P.J. Tucker,1610612752,NYK,40.0,3,1,0.143,0,1,0.0,0.0,0.0,0,0,,0.143,0,1,0.0
1642402,Enrique Freeman,1610612754,IND,24.0,22,1,0.027,0,1,0.0,0.0,0.027,0,1,0.0,0.0,0,0,
1628981,Bruno Fernando,1610612761,TOR,26.0,17,1,0.02,0,1,0.0,0.0,0.02,0,1,0.0,0.0,0,0,
1631218,Trayce Jackson-Davis,1610612744,GSW,25.0,62,1,0.003,0,1,0.0,0.0,0.003,0,1,0.0,0.0,0,0,
1642368,N'Faly Dante,1610612745,HOU,23.0,4,1,0.077,0,1,0.0,0.0,0.077,0,1,0.0,0.0,0,0,
1641790,PJ Hall,1610612743,DEN,23.0,19,1,0.042,0,1,0.0,0.0,0.0,0,0,,0.042,0,1,0.0
1630579,Jericho Sims,1610612749,MIL,26.0,53,1,0.014,0,1,0.0,0.0,0.014,0,1,0.0,0.0,0,0,
1642439,Quincy Olivari,1610612747,LAL,24.0,2,1,0.2,0,1,0.0,0.0,0.0,0,0,,0.2,0,1,0.0
1630561,David Duke Jr.,1610612759,SAS,25.0,6,1,0.071,0,1,0.0,0.0,0.071,0,1,0.0,0.0,0,0,
1641726,Dereck Lively II,1610612742,DAL,21.0,36,1,0.005,0,1,0.0,0.0,0.005,0,1,0.0,0.0,0,0,
1629637,Jaxson Hayes,1610612747,LAL,25.0,56,1,0.004,0,1,0.0,0.0,0.004,0,1,0.0,0.0,0,0,
1630231,KJ Martin,1610612762,UTA,24.0,43,1,0.005,0,1,0.0,0.0,0.005,0,1,0.0,0.0,0,0,
1628964,Mo Bamba,1610612740,NOP,27.0,32,1,0.009,0,1,0.0,0.0,0.009,0,1,0.0,0.0,0,0,
1630644,Mac McClung,1610612753,ORL,26.0,2,1,0.5,0,1,0.0,0.0,0.5,0,1,0.0,0.0,0,0,
1642403,Isaac Jones,1610612758,SAC,24.0,40,1,0.012,0,1,0.0,0.0,0.012,0,1,0.0,0.0,0,0,
1630604,E.J. Liddell,1610612741,CHI,24.0,12,1,0.067,0,1,0.0,0.0,0.0,0,0,,0.067,0,1,0.0
1630600,Isaiah Mobley,1610612755,PHI,25.0,1,1,0.143,0,1,0.0,0.0,0.143,0,1,0.0,0.0,0,0,
1642024,Alex Reese,1610612755,PHI,26.0,15,1,0.019,0,1,0.0,0.0,0.0,0,0,,0.019,0,1,0.0
1628396,Tony Bradley,1610612754,IND,27.0,14,1,0.022,0,1,0.0,0.0,0.022,0,1,0.0,0.0,0,0,
203991,Clint Capela,1610612737,ATL,31.0,55,1,0.003,0,1,0.0,0.0,0.003,0,1,0.0,0.0,0,0,
202687,Bismack Biyombo,1610612759,SAS,32.0,28,1,0.009,0,1,0.0,0.0,0.009,0,1,0.0,0.0,0,0,
203939,Dwight Powell,1610612742,DAL,33.0,55,1,0.016,0,1,0.0,0.0,0.016,0,1,0.0,0.0,0,0,
1629056,Terence Davis,1610612758,SAC,28.0,1,1,0.5,0,1,0.0,0.0,0.5,0,1,0.0,0.0,0,0,
