player_id,player,team_id,team,age,gp,g,fga_frequency,fgm,fga,fg_pct,efg_pct,fg2a_frequency,fg2m,fg2a,fg2_pct,fg3a_frequency,fg3m,fg3a,fg3_pct
201935,James Harden,1610612745,HOU,29.0,78,78,0.562,396,1072,0.369,0.529,0.068,54,129,0.419,0.494,342,943,0.363
202689,Kemba Walker,1610612766,CHA,29.0,82,82,0.504,342,847,0.404,0.507,0.211,167,355,0.47,0.293,175,492,0.356
1626156,D'Angelo Russell,1610612751,BKN,23.0,81,81,0.523,324,794,0.408,0.487,0.285,198,433,0.457,0.238,126,361,0.349
203081,Damian Lillard,1610612757,POR,28.0,80,80,0.492,304,752,0.404,0.507,0.215,150,329,0.456,0.277,154,423,0.364
201142,Kevin Durant,1610612744,GSW,30.0,78,78,0.502,322,690,0.467,0.514,0.348,256,478,0.536,0.154,66,212,0.311
202331,Paul George,1610612760,OKC,29.0,76,76,0.403,247,642,0.385,0.477,0.202,128,322,0.398,0.201,119,320,0.372
201942,DeMar DeRozan,1610612759,SAS,29.0,77,77,0.478,259,628,0.412,0.412,0.469,259,616,0.42,0.009,0,12,0.0
203468,CJ McCollum,1610612757,POR,27.0,70,70,0.506,286,626,0.457,0.518,0.33,209,409,0.511,0.175,77,217,0.355
203078,Bradley Beal,1610612764,WAS,26.0,81,81,0.394,249,615,0.405,0.472,0.24,166,374,0.444,0.154,83,241,0.344
201566,Russell Westbrook,1610612760,OKC,30.0,72,72,0.421,192,611,0.314,0.36,0.275,136,399,0.341,0.146,56,212,0.264
1629027,Trae Young,1610612737,ATL,20.0,81,81,0.473,210,595,0.353,0.443,0.2,103,251,0.41,0.274,107,344,0.311
1626164,Devin Booker,1610612756,PHX,22.0,64,64,0.472,236,592,0.399,0.456,0.285,168,358,0.469,0.187,68,234,0.291
1628378,Donovan Mitchell,1610612762,UTA,22.0,76,75,0.39,224,583,0.384,0.467,0.197,128,294,0.435,0.193,96,289,0.332
1627750,Jamal Murray,1610612743,DEN,22.0,75,75,0.496,232,582,0.399,0.46,0.317,161,372,0.433,0.179,71,210,0.338
101150,Lou Williams,1610612746,LAC,32.0,75,75,0.499,230,567,0.406,0.456,0.357,173,406,0.426,0.142,57,161,0.354
1629012,Collin Sexton,1610612739,CLE,20.0,82,82,0.476,220,566,0.389,0.437,0.352,165,419,0.394,0.124,55,147,0.374
1629029,Luka Dončić,1610612742,DAL,20.0,72,72,0.477,192,566,0.339,0.444,0.157,73,186,0.392,0.32,119,380,0.313
1627741,Buddy Hield,1610612758,SAC,26.0,82,82,0.41,222,558,0.398,0.48,0.23,130,313,0.415,0.18,92,245,0.376
201144,Mike Conley,1610612763,MEM,31.0,70,70,0.471,200,528,0.379,0.455,0.261,120,292,0.411,0.211,80,236,0.339
202695,Kawhi Leonard,1610612761,TOR,28.0,60,60,0.462,220,522,0.421,0.469,0.333,170,376,0.452,0.129,50,146,0.342
202681,Kyrie Irving,1610612738,BOS,27.0,67,67,0.414,229,514,0.446,0.516,0.251,157,311,0.505,0.164,72,203,0.355
201939,Stephen Curry,1610612744,GSW,31.0,69,69,0.384,215,507,0.424,0.562,0.129,75,170,0.441,0.255,140,337,0.415
203114,Khris Middleton,1610612749,MIL,27.0,77,76,0.437,207,502,0.412,0.504,0.232,115,266,0.432,0.206,92,236,0.39
101108,Chris Paul,1610612745,HOU,34.0,58,58,0.699,201,501,0.401,0.501,0.294,101,211,0.479,0.404,100,290,0.345
200755,JJ Redick,1610612755,PHI,35.0,75,75,0.459,198,465,0.426,0.516,0.225,114,228,0.5,0.234,84,237,0.354
1628368,De'Aaron Fox,1610612758,SAC,21.0,81,81,0.414,164,455,0.36,0.415,0.285,114,313,0.364,0.129,50,142,0.352
2548,Dwyane Wade,1610612748,MIA,37.0,72,72,0.474,158,454,0.348,0.409,0.286,103,274,0.376,0.188,55,180,0.306
203952,Andrew Wiggins,1610612750,MIN,24.0,73,72,0.375,147,453,0.325,0.355,0.293,119,354,0.336,0.082,28,99,0.283
202691,Klay Thompson,1610612744,GSW,29.0,78,77,0.327,199,452,0.44,0.49,0.247,154,342,0.45,0.079,45,110,0.409
201950,Jrue Holiday,1610612740,NOP,29.0,67,67,0.379,156,439,0.355,0.436,0.18,85,209,0.407,0.198,71,230,0.309
203903,Jordan Clarkson,1610612739,CLE,27.0,81,81,0.373,170,436,0.39,0.453,0.2,115,234,0.491,0.173,55,202,0.272
203471,Dennis Schröder,1610612760,OKC,25.0,78,77,0.395,169,429,0.394,0.428,0.302,140,328,0.427,0.093,29,101,0.287
1628369,Jayson Tatum,1610612738,BOS,21.0,79,79,0.414,153,429,0.357,0.399,0.307,117,318,0.368,0.107,36,111,0.324
202699,Tobias Harris,1610612755,PHI,26.0,82,81,0.327,182,410,0.444,0.496,0.244,139,306,0.454,0.083,43,104,0.413
2544,LeBron James,1610612747,LAL,34.0,55,55,0.371,146,406,0.36,0.446,0.177,76,194,0.392,0.194,70,212,0.33
200746,LaMarcus Aldridge,1610612759,SAS,33.0,81,81,0.306,159,404,0.394,0.394,0.303,159,399,0.398,0.004,0,5,0.0
203897,Zach LaVine,1610612741,CHI,24.0,62,61,0.362,144,403,0.357,0.447,0.187,72,208,0.346,0.175,72,195,0.369
203501,Tim Hardaway Jr.,1610612742,DAL,27.0,64,64,0.405,156,399,0.391,0.476,0.22,88,216,0.407,0.186,68,183,0.372
203082,Terrence Ross,1610612753,ORL,28.0,79,78,0.391,158,394,0.401,0.485,0.22,92,222,0.414,0.171,66,172,0.384
201933,Blake Griffin,1610612765,DET,30.0,75,75,0.292,130,391,0.332,0.471,0.066,22,89,0.247,0.225,108,302,0.358
202704,Reggie Jackson,1610612765,DET,29.0,82,80,0.361,153,378,0.405,0.462,0.226,110,237,0.464,0.135,43,141,0.305
203095,Evan Fournier,1610612753,ORL,26.0,79,77,0.338,129,351,0.368,0.425,0.204,89,212,0.42,0.134,40,139,0.288
1626196,Josh Richardson,1610612748,MIA,25.0,73,72,0.333,135,342,0.395,0.444,0.218,101,224,0.451,0.115,34,118,0.288
202710,Jimmy Butler III,1610612755,PHI,29.0,64,63,0.37,113,328,0.345,0.381,0.287,89,254,0.35,0.084,24,74,0.324
201565,Derrick Rose,1610612750,MIN,30.0,51,50,0.43,145,324,0.448,0.486,0.344,120,259,0.463,0.086,25,65,0.385
203992,Bogdan Bogdanović,1610612758,SAC,26.0,70,69,0.372,115,321,0.358,0.425,0.209,72,180,0.4,0.163,43,141,0.305
1627854,Bryn Forbes,1610612759,SAS,25.0,82,82,0.405,136,320,0.425,0.498,0.245,89,194,0.459,0.159,47,126,0.373
201954,Darren Collison,1610612754,IND,31.0,76,74,0.48,135,316,0.427,0.47,0.364,108,240,0.45,0.115,27,76,0.355
203087,Jeremy Lamb,1610612766,CHA,27.0,79,78,0.321,131,314,0.417,0.46,0.218,104,213,0.488,0.103,27,101,0.267
203918,Rodney Hood,1610612757,POR,26.0,72,70,0.465,132,312,0.423,0.474,0.332,100,223,0.448,0.133,32,89,0.36
203506,Victor Oladipo,1610612754,IND,27.0,36,35,0.515,117,303,0.386,0.444,0.315,82,185,0.443,0.201,35,118,0.297
1626144,Emmanuel Mudiay,1610612752,NYK,23.0,58,57,0.424,131,302,0.434,0.475,0.311,106,222,0.477,0.112,25,80,0.313
2037,Jamal Crawford,1610612756,PHX,39.0,64,60,0.689,121,302,0.401,0.46,0.425,85,186,0.457,0.265,36,116,0.31
203915,Spencer Dinwiddie,1610612751,BKN,26.0,68,68,0.355,99,294,0.337,0.452,0.093,31,77,0.403,0.262,68,217,0.313
201937,Ricky Rubio,1610612762,UTA,28.0,67,65,0.411,103,289,0.356,0.388,0.317,85,223,0.381,0.094,18,66,0.273
203507,Giannis Antetokounmpo,1610612749,MIL,24.0,72,70,0.232,93,289,0.322,0.386,0.126,56,157,0.357,0.106,37,132,0.28
200768,Kyle Lowry,1610612761,TOR,33.0,65,64,0.376,92,278,0.331,0.421,0.145,42,107,0.393,0.231,50,171,0.292
1628983,Shai Gilgeous-Alexander,1610612746,LAC,20.0,82,78,0.383,116,274,0.423,0.436,0.352,109,252,0.433,0.031,7,22,0.318
201988,Patty Mills,1610612759,SAS,30.0,82,81,0.412,97,273,0.355,0.451,0.183,45,121,0.372,0.229,52,152,0.342
1628420,Monté Morris,1610612743,DEN,24.0,82,79,0.389,127,272,0.467,0.496,0.318,111,222,0.5,0.072,16,50,0.32
202711,Bojan Bogdanović,1610612754,IND,30.0,81,78,0.258,105,271,0.387,0.443,0.177,75,186,0.403,0.081,30,85,0.353
203932,Aaron Gordon,1610612753,ORL,23.0,76,75,0.26,96,265,0.362,0.419,0.168,66,172,0.384,0.091,30,93,0.323
202694,Marcus Morris Sr.,1610612738,BOS,29.0,75,74,0.309,96,261,0.368,0.408,0.232,75,196,0.383,0.077,21,65,0.323
202339,Eric Bledsoe,1610612749,MIL,29.0,78,76,0.266,100,259,0.386,0.508,0.098,37,95,0.389,0.169,63,164,0.384
200752,Rudy Gay,1610612759,SAS,32.0,69,66,0.342,134,255,0.525,0.553,0.303,120,226,0.531,0.039,14,29,0.483
1626179,Terry Rozier,1610612738,BOS,25.0,79,75,0.383,84,255,0.329,0.408,0.195,44,130,0.338,0.188,40,125,0.32
203954,Joel Embiid,1610612755,PHI,25.0,63,62,0.215,91,254,0.358,0.384,0.176,78,207,0.377,0.04,13,47,0.277
201568,Danilo Gallinari,1610612746,LAC,30.0,68,66,0.285,105,252,0.417,0.48,0.186,73,164,0.445,0.1,32,88,0.364
201158,Marco Belinelli,1610612759,SAS,33.0,79,75,0.361,91,249,0.365,0.452,0.174,48,120,0.4,0.187,43,129,0.333
1628995,Kevin Knox II,1610612752,NYK,19.0,74,71,0.276,84,248,0.339,0.377,0.225,65,202,0.322,0.051,19,46,0.413
203504,Trey Burke,1610612742,DAL,26.0,58,53,0.449,99,246,0.402,0.455,0.318,73,174,0.42,0.131,26,72,0.361
1627742,Brandon Ingram,1610612747,LAL,21.0,52,52,0.337,108,245,0.441,0.447,0.33,105,240,0.438,0.007,3,5,0.6
202709,Cory Joseph,1610612754,IND,27.0,82,81,0.447,93,245,0.38,0.39,0.391,88,214,0.411,0.057,5,31,0.161
1628367,Josh Jackson,1610612756,PHX,22.0,79,76,0.29,83,244,0.34,0.367,0.225,70,189,0.37,0.065,13,55,0.236
201571,D.J. Augustin,1610612753,ORL,31.0,79,75,0.368,100,243,0.412,0.537,0.13,39,86,0.453,0.238,61,157,0.389
1628372,Dennis Smith Jr.,1610612752,NYK,21.0,53,52,0.374,85,243,0.35,0.426,0.211,48,137,0.35,0.163,37,106,0.349
203084,Harrison Barnes,1610612758,SAC,27.0,77,76,0.237,82,243,0.337,0.403,0.152,50,156,0.321,0.085,32,87,0.368
202340,Avery Bradley,1610612763,MEM,28.0,63,62,0.385,100,234,0.427,0.468,0.293,81,178,0.455,0.092,19,56,0.339
203490,Otto Porter Jr.,1610612741,CHI,26.0,55,52,0.373,89,234,0.38,0.412,0.292,74,183,0.404,0.081,15,51,0.294
1628422,Damyean Dotson,1610612752,NYK,25.0,72,68,0.338,94,233,0.403,0.459,0.229,68,158,0.43,0.109,26,75,0.347
1626224,Cedi Osman,1610612739,CLE,24.0,76,73,0.279,82,232,0.353,0.433,0.159,45,132,0.341,0.12,37,100,0.37
203076,Anthony Davis,1610612740,NOP,26.0,56,54,0.223,76,229,0.332,0.334,0.203,75,208,0.361,0.02,1,21,0.048
202083,Wesley Matthews,1610612754,IND,32.0,69,68,0.326,73,228,0.32,0.386,0.175,43,122,0.352,0.152,30,106,0.283
203145,Kent Bazemore,1610612737,ATL,29.0,67,63,0.323,71,223,0.318,0.381,0.166,43,115,0.374,0.156,28,108,0.259
1628379,Luke Kennard,1610612765,DET,23.0,63,59,0.427,91,222,0.41,0.468,0.283,65,147,0.442,0.144,26,75,0.347
1629019,Allonzo Trier,1610612752,NYK,23.0,63,61,0.431,80,219,0.365,0.416,0.305,58,155,0.374,0.126,22,64,0.344
203552,Seth Curry,1610612757,POR,28.0,74,72,0.46,88,214,0.411,0.493,0.26,53,121,0.438,0.2,35,93,0.376
203200,Justin Holiday,1610612763,MEM,30.0,81,75,0.278,74,213,0.347,0.425,0.146,41,112,0.366,0.132,33,101,0.327
203894,Shabazz Napier,1610612751,BKN,27.0,56,49,0.478,75,208,0.361,0.466,0.177,31,77,0.403,0.301,44,131,0.336
1627832,Fred VanVleet,1610612761,TOR,25.0,64,61,0.348,70,208,0.337,0.421,0.166,35,99,0.354,0.182,35,109,0.321
204456,T.J. McConnell,1610612755,PHI,27.0,75,70,0.499,98,207,0.473,0.473,0.482,98,200,0.49,0.017,0,7,0.0
1627739,Kris Dunn,1610612741,CHI,25.0,45,44,0.413,82,207,0.396,0.435,0.343,66,172,0.384,0.07,16,35,0.457
204060,Joe Ingles,1610612762,UTA,31.0,81,74,0.265,77,207,0.372,0.512,0.069,19,54,0.352,0.196,58,153,0.379
203484,Kentavious Caldwell-Pope,1610612747,LAL,26.0,82,71,0.273,74,207,0.357,0.42,0.148,48,112,0.429,0.125,26,95,0.274
202397,Ish Smith,1610612765,DET,30.0,56,54,0.416,75,204,0.368,0.417,0.286,55,140,0.393,0.131,20,64,0.313
1627752,Taurean Prince,1610612737,ATL,25.0,55,54,0.342,76,203,0.374,0.458,0.163,42,97,0.433,0.178,34,106,0.321
202330,Gordon Hayward,1610612738,BOS,29.0,72,66,0.32,75,203,0.369,0.406,0.23,60,146,0.411,0.09,15,57,0.263
1628469,Antonio Blakeney,1610612741,CHI,22.0,57,51,0.51,69,202,0.342,0.364,0.442,60,175,0.343,0.068,9,27,0.333
1628973,Jalen Brunson,1610612742,DAL,22.0,73,63,0.355,79,200,0.395,0.458,0.234,54,132,0.409,0.121,25,68,0.368
1626145,Tyus Jones,1610612750,MIN,23.0,68,61,0.448,70,200,0.35,0.388,0.318,55,142,0.387,0.13,15,58,0.259
1626188,Quinn Cook,1610612744,GSW,26.0,74,59,0.456,82,198,0.414,0.47,0.279,60,121,0.496,0.177,22,77,0.286
202322,John Wall,1610612764,WAS,28.0,32,31,0.357,65,197,0.33,0.363,0.243,52,134,0.388,0.114,13,63,0.206
203953,Jabari Parker,1610612764,WAS,24.0,63,59,0.264,73,195,0.374,0.421,0.188,55,139,0.396,0.076,18,56,0.321
201936,Tyreke Evans,1610612754,IND,29.0,69,66,0.288,61,190,0.321,0.408,0.138,28,91,0.308,0.15,33,99,0.333
1628370,Malik Monk,1610612766,CHA,21.0,73,64,0.323,54,189,0.286,0.352,0.147,29,86,0.337,0.176,25,103,0.243
1628989,Kevin Huerter,1610612737,ATL,20.0,75,65,0.286,68,188,0.362,0.484,0.1,22,66,0.333,0.185,46,122,0.377
200826,J.J. Barea,1610612742,DAL,35.0,38,38,0.481,77,185,0.416,0.486,0.27,51,104,0.49,0.21,26,81,0.321
202391,Jeremy Lin,1610612761,TOR,30.0,74,60,0.338,74,183,0.404,0.464,0.203,52,110,0.473,0.135,22,73,0.301
2225,Tony Parker,1610612766,CHA,37.0,56,53,0.393,79,182,0.434,0.434,0.38,79,176,0.449,0.013,0,6,0.0
202323,Evan Turner,1610612757,POR,30.0,73,64,0.41,79,181,0.436,0.439,0.396,78,175,0.446,0.014,1,6,0.167
1627736,Malik Beasley,1610612743,DEN,22.0,81,62,0.243,69,179,0.385,0.447,0.145,47,107,0.439,0.098,22,72,0.306
1628401,Derrick White,1610612759,SAS,24.0,67,59,0.326,79,177,0.446,0.483,0.26,66,141,0.468,0.066,13,36,0.361
201587,Nicolas Batum,1610612766,CHA,30.0,75,67,0.314,68,176,0.386,0.474,0.17,37,95,0.389,0.145,31,81,0.383
201569,Eric Gordon,1610612745,HOU,30.0,68,63,0.187,52,175,0.297,0.42,0.033,9,31,0.29,0.154,43,144,0.299
203914,Gary Harris,1610612743,DEN,24.0,57,52,0.274,59,173,0.341,0.396,0.168,40,106,0.377,0.106,19,67,0.284
1627759,Jaylen Brown,1610612738,BOS,22.0,74,68,0.212,66,168,0.393,0.423,0.176,56,139,0.403,0.037,10,29,0.345
1628398,Kyle Kuzma,1610612747,LAL,23.0,70,59,0.155,62,168,0.369,0.414,0.093,47,101,0.465,0.062,15,67,0.224
1627812,Yogi Ferrell,1610612758,SAC,26.0,71,63,0.473,70,166,0.422,0.488,0.293,48,103,0.466,0.179,22,63,0.349
202714,Shelvin Mack,1610612766,CHA,29.0,57,54,0.409,55,165,0.333,0.415,0.233,28,94,0.298,0.176,27,71,0.38
203085,Austin Rivers,1610612745,HOU,26.0,76,64,0.287,46,164,0.28,0.396,0.042,8,24,0.333,0.245,38,140,0.271
202362,Lance Stephenson,1610612747,LAL,28.0,68,59,0.375,61,162,0.377,0.454,0.222,36,96,0.375,0.153,25,66,0.379
1627747,Caris LeVert,1610612751,BKN,24.0,40,38,0.323,53,156,0.34,0.436,0.145,23,70,0.329,0.178,30,86,0.349
203115,Will Barton,1610612743,DEN,28.0,43,43,0.342,50,156,0.321,0.385,0.182,30,83,0.361,0.16,20,73,0.274
101123,Gerald Green,1610612745,HOU,33.0,73,64,0.271,46,156,0.295,0.394,0.069,15,40,0.375,0.201,31,116,0.267
201952,Jeff Teague,1610612750,MIN,31.0,42,41,0.373,57,155,0.368,0.429,0.219,38,91,0.418,0.154,19,64,0.297
202697,Iman Shumpert,1610612745,HOU,29.0,62,57,0.348,46,155,0.297,0.352,0.202,29,90,0.322,0.146,17,65,0.262
1626159,Justise Winslow,1610612748,MIA,23.0,66,56,0.206,52,154,0.338,0.354,0.163,47,122,0.385,0.043,5,32,0.156
202692,Alec Burks,1610612758,SAC,27.0,64,52,0.321,41,152,0.27,0.342,0.165,19,78,0.244,0.156,22,74,0.297
203933,T.J. Warren,1610612756,PHX,25.0,43,41,0.245,53,150,0.353,0.383,0.205,44,125,0.352,0.041,9,25,0.36
2594,Kyle Korver,1610612762,UTA,38.0,69,64,0.314,58,148,0.392,0.514,0.132,22,62,0.355,0.183,36,86,0.419
201609,Goran Dragic,1610612748,MIA,33.0,36,36,0.336,49,145,0.338,0.393,0.201,33,87,0.379,0.134,16,58,0.276
1629013,Landry Shamet,1610612746,LAC,22.0,78,66,0.255,55,141,0.39,0.507,0.108,22,60,0.367,0.146,33,81,0.407
1628374,Lauri Markkanen,1610612741,CHI,22.0,51,49,0.18,51,141,0.362,0.387,0.152,44,119,0.37,0.028,7,22,0.318
1627782,Wayne Selden,1610612741,CHI,24.0,75,63,0.291,57,140,0.407,0.443,0.225,47,108,0.435,0.067,10,32,0.313
200765,Rajon Rondo,1610612747,LAL,33.0,46,42,0.324,50,140,0.357,0.454,0.167,23,72,0.319,0.157,27,68,0.397
202734,E'Twaun Moore,1610612740,NOP,30.0,53,50,0.256,58,136,0.426,0.482,0.195,43,104,0.413,0.06,15,32,0.469
203917,Nik Stauskas,1610612739,CLE,25.0,68,62,0.404,51,136,0.375,0.463,0.181,27,61,0.443,0.223,24,75,0.32
1626162,Kelly Oubre Jr.,1610612756,PHX,23.0,69,55,0.161,55,135,0.407,0.496,0.077,31,65,0.477,0.083,24,70,0.343
203935,Marcus Smart,1610612738,BOS,25.0,80,63,0.238,43,135,0.319,0.411,0.086,18,49,0.367,0.152,25,86,0.291
1627853,Ryan Arcidiacono,1610612741,CHI,25.0,80,60,0.323,53,133,0.398,0.447,0.192,40,79,0.506,0.131,13,54,0.241
203546,Ian Clark,1610612740,NOP,28.0,60,45,0.347,47,133,0.353,0.414,0.196,31,75,0.413,0.151,16,58,0.276
203109,Jae Crowder,1610612762,UTA,28.0,79,62,0.169,39,132,0.295,0.409,0.04,9,31,0.29,0.129,30,101,0.297
201980,Danny Green,1610612761,TOR,32.0,80,72,0.208,53,131,0.405,0.504,0.097,27,61,0.443,0.111,26,70,0.371
201961,Wayne Ellington,1610612765,DET,31.0,53,46,0.287,51,131,0.389,0.561,0.028,6,13,0.462,0.258,45,118,0.381
203121,Darius Miller,1610612740,NOP,29.0,69,56,0.271,50,131,0.382,0.469,0.138,27,67,0.403,0.132,23,64,0.359
203944,Julius Randle,1610612740,NOP,24.0,73,61,0.119,44,130,0.338,0.388,0.078,31,85,0.365,0.041,13,45,0.289
1628988,Aaron Holiday,1610612754,IND,22.0,50,46,0.496,44,130,0.338,0.408,0.263,26,69,0.377,0.233,18,61,0.295
2772,Trevor Ariza,1610612764,WAS,33.0,68,57,0.178,41,129,0.318,0.422,0.054,14,39,0.359,0.124,27,90,0.3
203079,Dion Waiters,1610612748,MIA,27.0,44,38,0.263,43,126,0.341,0.46,0.088,13,42,0.31,0.175,30,84,0.357
201145,Jeff Green,1610612764,WAS,32.0,76,62,0.185,42,126,0.333,0.353,0.135,37,92,0.402,0.05,5,34,0.147
1628366,Lonzo Ball,1610612747,LAL,21.0,47,43,0.268,37,122,0.303,0.402,0.105,13,48,0.271,0.162,24,74,0.324
1626209,Mario Hezonja,1610612752,NYK,24.0,57,43,0.265,48,121,0.397,0.442,0.175,37,80,0.463,0.09,11,41,0.268
203493,Reggie Bullock Jr.,1610612747,LAL,28.0,63,47,0.204,47,121,0.388,0.45,0.123,32,73,0.438,0.081,15,48,0.313
1627763,Malcolm Brogdon,1610612749,MIL,26.0,64,53,0.159,35,119,0.294,0.361,0.079,19,59,0.322,0.08,16,60,0.267
202688,Brandon Knight,1610612739,CLE,27.0,39,35,0.466,46,118,0.39,0.479,0.233,25,59,0.424,0.233,21,59,0.356
202066,Garrett Temple,1610612746,LAC,33.0,75,54,0.24,35,118,0.297,0.326,0.146,28,72,0.389,0.093,7,46,0.152
204038,Langston Galloway,1610612765,DET,27.0,80,56,0.198,48,116,0.414,0.47,0.143,35,84,0.417,0.055,13,32,0.406
1628373,Frank Ntilikina,1610612752,NYK,20.0,42,38,0.423,40,115,0.348,0.383,0.309,32,84,0.381,0.114,8,31,0.258
201588,George Hill,1610612749,MIL,33.0,60,46,0.303,47,114,0.412,0.465,0.191,35,72,0.486,0.112,12,42,0.286
201572,Brook Lopez,1610612749,MIL,31.0,81,65,0.144,46,113,0.407,0.518,0.07,21,55,0.382,0.074,25,58,0.431
1628382,Justin Jackson,1610612742,DAL,24.0,81,56,0.233,40,113,0.354,0.389,0.184,32,89,0.36,0.05,8,24,0.333
203107,Tomas Satoransky,1610612764,WAS,27.0,79,58,0.218,39,113,0.345,0.358,0.191,36,99,0.364,0.027,3,14,0.214
1626153,Delon Wright,1610612763,MEM,27.0,75,59,0.203,27,113,0.239,0.301,0.092,13,51,0.255,0.112,14,62,0.226
201188,Marc Gasol,1610612761,TOR,34.0,79,60,0.129,37,112,0.33,0.33,0.121,37,105,0.352,0.008,0,7,0.0
200794,Paul Millsap,1610612743,DEN,34.0,70,56,0.165,37,110,0.336,0.359,0.134,32,89,0.36,0.032,5,21,0.238
203613,Jonathon Simmons,1610612755,PHI,29.0,54,44,0.322,32,109,0.294,0.339,0.218,22,74,0.297,0.103,10,35,0.286
1629059,Elie Okobo,1610612756,PHX,21.0,53,46,0.372,32,108,0.296,0.375,0.183,15,53,0.283,0.19,17,55,0.309
201573,Jerryd Bayless,1610612750,MIN,30.0,34,29,0.465,35,107,0.327,0.369,0.309,26,71,0.366,0.157,9,36,0.25
202703,Nikola Mirotic,1610612749,MIL,28.0,46,44,0.197,32,107,0.299,0.355,0.113,20,61,0.328,0.085,12,46,0.261
203925,Joe Harris,1610612751,BKN,27.0,76,58,0.136,41,102,0.402,0.534,0.056,14,42,0.333,0.08,27,60,0.45
1626157,Karl-Anthony Towns,1610612750,MIN,23.0,77,52,0.076,31,100,0.31,0.36,0.052,21,68,0.309,0.024,10,32,0.313
203584,Troy Daniels,1610612756,PHX,27.0,51,39,0.36,45,99,0.455,0.581,0.153,20,42,0.476,0.207,25,57,0.439
1627732,Ben Simmons,1610612755,PHI,22.0,78,59,0.103,20,98,0.204,0.204,0.098,20,93,0.215,0.005,0,5,0.0
201976,Patrick Beverley,1610612746,LAC,30.0,78,55,0.202,36,96,0.375,0.505,0.065,11,31,0.355,0.137,25,65,0.385
1628402,Frank Jackson,1610612740,NOP,21.0,61,42,0.212,34,95,0.358,0.426,0.132,21,59,0.356,0.08,13,36,0.361
1629006,Josh Okogie,1610612750,MIN,20.0,74,57,0.187,26,95,0.274,0.3,0.132,21,67,0.313,0.055,5,28,0.179
1626170,Jerian Grant,1610612753,ORL,26.0,58,46,0.437,36,94,0.383,0.431,0.288,27,62,0.435,0.149,9,32,0.281
203999,Nikola Jokić,1610612743,DEN,24.0,80,53,0.078,34,94,0.362,0.383,0.054,30,65,0.462,0.024,4,29,0.138
1628371,Jonathan Isaac,1610612753,ORL,21.0,73,53,0.154,31,92,0.337,0.348,0.13,29,78,0.372,0.023,2,14,0.143
1628407,Dwayne Bacon,1610612766,CHA,23.0,43,30,0.354,34,91,0.374,0.462,0.206,18,53,0.34,0.148,16,38,0.421
2733,Shaun Livingston,1610612744,GSW,33.0,64,48,0.429,36,90,0.4,0.4,0.429,36,90,0.4,0.0,0,0,
204025,Tim Frazier,1610612749,MIL,28.0,59,39,0.345,31,90,0.344,0.394,0.207,22,54,0.407,0.138,9,36,0.25
1628984,Devonte' Graham,1610612766,CHA,24.0,46,35,0.412,24,89,0.27,0.331,0.176,13,38,0.342,0.236,11,51,0.216
1628412,Frank Mason III,1610612758,SAC,25.0,38,33,0.521,28,88,0.318,0.386,0.225,16,38,0.421,0.296,12,50,0.24
1713,Vince Carter,1610612737,ATL,42.0,76,48,0.186,31,87,0.356,0.466,0.075,12,35,0.343,0.111,19,52,0.365
1628963,Marvin Bagley III,1610612758,SAC,20.0,62,44,0.122,30,86,0.349,0.372,0.101,26,71,0.366,0.021,4,15,0.267
204020,Tyler Johnson,1610612756,PHX,27.0,57,41,0.163,25,86,0.291,0.326,0.131,19,69,0.275,0.032,6,17,0.353
1628404,Josh Hart,1610612747,LAL,24.0,67,44,0.185,24,86,0.279,0.366,0.084,9,39,0.231,0.101,15,47,0.319
202696,Nikola Vučević,1610612753,ORL,28.0,78,56,0.064,33,84,0.393,0.393,0.062,33,82,0.402,0.002,0,2,0.0
202722,Dāvis Bertāns,1610612759,SAS,26.0,76,48,0.183,32,83,0.386,0.476,0.091,17,41,0.415,0.093,15,42,0.357
203521,Matthew Dellavedova,1610612739,CLE,28.0,48,38,0.343,26,83,0.313,0.38,0.169,15,41,0.366,0.174,11,42,0.262
1628975,Jevon Carter,1610612763,MEM,23.0,39,31,0.443,23,82,0.28,0.354,0.232,11,43,0.256,0.211,12,39,0.308
1626169,Stanley Johnson,1610612740,NOP,23.0,66,48,0.18,24,79,0.304,0.354,0.098,16,43,0.372,0.082,8,36,0.222
203459,Allen Crabbe,1610612751,BKN,27.0,43,35,0.212,22,79,0.278,0.329,0.137,14,51,0.275,0.075,8,28,0.286
1626168,Trey Lyles,1610612743,DEN,23.0,64,45,0.16,23,78,0.295,0.314,0.125,20,61,0.328,0.035,3,17,0.176
1626181,Norman Powell,1610612761,TOR,26.0,60,40,0.195,22,78,0.282,0.359,0.098,10,39,0.256,0.098,12,39,0.308
201960,DeMarre Carroll,1610612751,BKN,32.0,67,45,0.136,21,78,0.269,0.321,0.082,13,47,0.277,0.054,8,31,0.258
1628969,Mikal Bridges,1610612756,PHX,22.0,82,46,0.137,27,77,0.351,0.435,0.073,14,41,0.341,0.064,13,36,0.361
1626166,Cameron Payne,1610612739,CLE,24.0,40,30,0.341,31,76,0.408,0.487,0.22,19,49,0.388,0.121,12,27,0.444
203476,Gorgui Dieng,1610612750,MIN,29.0,76,46,0.202,27,76,0.355,0.368,0.178,25,67,0.373,0.024,2,9,0.222
203482,Kelly Olynyk,1610612748,MIA,28.0,79,49,0.133,21,75,0.28,0.38,0.034,6,19,0.316,0.099,15,56,0.268
2734,Devin Harris,1610612742,DAL,36.0,68,47,0.216,20,75,0.267,0.347,0.078,8,27,0.296,0.138,12,48,0.25
1628416,Tyler Dorsey,1610612763,MEM,23.0,48,32,0.28,24,74,0.324,0.392,0.144,14,38,0.368,0.136,10,36,0.278
101139,CJ Miles,1610612763,MEM,32.0,53,40,0.236,24,73,0.329,0.384,0.126,16,39,0.41,0.11,8,34,0.235
1628970,Miles Bridges,1610612766,CHA,21.0,80,48,0.137,15,70,0.214,0.279,0.067,6,34,0.176,0.07,9,36,0.25
1717,Dirk Nowitzki,1610612742,DAL,41.0,51,36,0.184,28,69,0.406,0.435,0.154,24,58,0.414,0.029,4,11,0.364
201949,James Johnson,1610612748,MIA,32.0,55,36,0.182,24,69,0.348,0.435,0.095,12,36,0.333,0.087,12,33,0.364
202705,MarShon Brooks,1610612763,MEM,30.0,29,26,0.408,24,69,0.348,0.406,0.237,16,40,0.4,0.172,8,29,0.276
1629001,De'Anthony Melton,1610612756,PHX,21.0,50,33,0.266,13,68,0.191,0.206,0.188,11,48,0.229,0.078,2,20,0.1
1627774,Jake Layman,1610612757,POR,25.0,71,39,0.158,28,67,0.418,0.522,0.085,14,36,0.389,0.073,14,31,0.452
203967,Dario Šarić,1610612750,MIN,25.0,81,42,0.096,19,67,0.284,0.321,0.069,14,48,0.292,0.027,5,19,0.263
201586,Serge Ibaka,1610612761,TOR,29.0,74,48,0.075,26,66,0.394,0.402,0.07,25,61,0.41,0.006,1,5,0.2
1626171,Bobby Portis,1610612764,WAS,24.0,49,34,0.11,24,66,0.364,0.371,0.105,23,63,0.365,0.005,1,3,0.333
203585,Rodney McGruder,1610612746,LAC,27.0,66,39,0.14,24,65,0.369,0.446,0.063,14,29,0.483,0.078,10,36,0.278
1628411,Wes Iwundu,1610612753,ORL,24.0,68,43,0.234,21,64,0.328,0.344,0.212,19,58,0.328,0.022,2,6,0.333
101181,Jose Calderon,1610612765,DET,37.0,49,29,0.525,25,63,0.397,0.421,0.375,22,45,0.489,0.15,3,18,0.167
1627783,Pascal Siakam,1610612761,TOR,25.0,80,42,0.067,24,63,0.381,0.389,0.058,23,55,0.418,0.008,1,8,0.125
1627788,Furkan Korkmaz,1610612755,PHI,21.0,48,30,0.257,20,63,0.317,0.381,0.143,12,35,0.343,0.114,8,28,0.286
203895,Jordan McRae,1610612764,WAS,28.0,27,21,0.492,28,62,0.452,0.492,0.373,23,47,0.489,0.119,5,15,0.333
1626167,Myles Turner,1610612754,IND,23.0,74,41,0.079,26,62,0.419,0.46,0.068,21,53,0.396,0.012,5,9,0.556
101109,Raymond Felton,1610612760,OKC,35.0,33,25,0.459,24,62,0.387,0.411,0.333,21,45,0.467,0.126,3,17,0.176
1628365,Markelle Fultz,1610612753,ORL,21.0,19,18,0.4,20,62,0.323,0.331,0.387,19,60,0.317,0.013,1,2,0.5
202693,Markieff Morris,1610612760,OKC,29.0,58,38,0.129,16,62,0.258,0.266,0.116,15,56,0.268,0.012,1,6,0.167
1626178,Rondae Hollis-Jefferson,1610612751,BKN,24.0,59,36,0.125,18,61,0.295,0.295,0.117,18,57,0.316,0.008,0,4,0.0
203496,Robert Covington,1610612750,MIN,28.0,35,30,0.166,18,60,0.3,0.375,0.077,9,28,0.321,0.088,9,32,0.281
101107,Marvin Williams,1610612766,CHA,33.0,75,38,0.09,20,59,0.339,0.356,0.071,18,46,0.391,0.02,2,13,0.154
1627827,Dorian Finney-Smith,1610612742,DAL,26.0,81,44,0.112,16,59,0.271,0.331,0.049,9,26,0.346,0.063,7,33,0.212
1628443,Kadeem Allen,1610612752,NYK,26.0,19,17,0.407,19,57,0.333,0.368,0.314,15,44,0.341,0.093,4,13,0.308
1626184,Chasson Randle,1610612764,WAS,26.0,48,31,0.268,22,56,0.393,0.563,0.081,3,17,0.176,0.187,19,39,0.487
203118,Mike Scott,1610612755,PHI,30.0,79,44,0.133,20,56,0.357,0.402,0.083,15,35,0.429,0.05,5,21,0.238
202357,Nemanja Bjelica,1610612758,SAC,31.0,77,37,0.095,20,56,0.357,0.464,0.046,8,27,0.296,0.049,12,29,0.414
1628972,Troy Brown Jr.,1610612764,WAS,19.0,51,30,0.248,18,56,0.321,0.348,0.199,15,45,0.333,0.049,3,11,0.273
1626149,Montrezl Harrell,1610612746,LAC,25.0,82,39,0.062,14,55,0.255,0.264,0.05,13,44,0.295,0.012,1,11,0.091
203477,Isaiah Canaan,1610612749,MIL,28.0,30,23,0.323,23,53,0.434,0.557,0.098,10,16,0.625,0.226,13,37,0.351
203926,Doug McDermott,1610612754,IND,27.0,77,35,0.125,17,53,0.321,0.34,0.097,15,41,0.366,0.028,2,12,0.167
1627885,Shaquille Harrison,1610612741,CHI,25.0,72,35,0.123,10,52,0.192,0.221,0.085,7,36,0.194,0.038,3,16,0.188
1628960,Grayson Allen,1610612762,UTA,23.0,38,22,0.287,14,51,0.275,0.324,0.152,9,27,0.333,0.135,5,24,0.208
203098,John Jenkins,1610612752,NYK,28.0,26,19,0.476,21,50,0.42,0.49,0.352,14,37,0.378,0.124,7,13,0.538
1626204,Larry Nance Jr.,1610612739,CLE,26.0,67,36,0.107,17,50,0.34,0.37,0.083,14,39,0.359,0.024,3,11,0.273
201567,Kevin Love,1610612739,CLE,30.0,22,19,0.173,23,49,0.469,0.633,0.064,7,18,0.389,0.11,16,31,0.516
201584,Courtney Lee,1610612742,DAL,33.0,34,22,0.38,21,49,0.429,0.459,0.318,18,41,0.439,0.062,3,8,0.375
1627936,Alex Caruso,1610612747,LAL,25.0,25,13,0.287,19,49,0.388,0.5,0.17,8,29,0.276,0.117,11,20,0.55
201143,Al Horford,1610612738,BOS,33.0,68,34,0.066,22,48,0.458,0.458,0.066,22,48,0.458,0.0,0,0,
1628395,Jordan Bell,1610612744,GSW,24.0,68,24,0.249,19,47,0.404,0.404,0.243,19,46,0.413,0.005,0,1,0.0
1626161,Willie Cauley-Stein,1610612758,SAC,25.0,81,35,0.063,17,47,0.362,0.362,0.062,17,46,0.37,0.001,0,1,0.0
202718,Chandler Parsons,1610612763,MEM,30.0,25,19,0.254,15,46,0.326,0.38,0.155,10,28,0.357,0.099,5,18,0.278
1629026,Kenrich Williams,1610612740,NOP,24.0,46,28,0.166,14,46,0.304,0.402,0.061,5,17,0.294,0.105,9,29,0.31
1627761,DeAndre' Bembry,1610612737,ATL,24.0,82,34,0.075,12,46,0.261,0.304,0.047,8,29,0.276,0.028,4,17,0.235
1627863,Danuel House Jr.,1610612745,HOU,26.0,39,21,0.179,17,45,0.378,0.567,0.008,0,2,0.0,0.171,17,43,0.395
101141,Ersan Ilyasova,1610612749,MIL,32.0,67,33,0.118,14,45,0.311,0.411,0.05,5,19,0.263,0.068,9,26,0.346
1628515,Isaiah Briscoe,1610612753,ORL,23.0,39,24,0.326,13,45,0.289,0.3,0.297,12,41,0.293,0.029,1,4,0.25
2747,JR Smith,1610612739,CLE,33.0,11,10,0.57,13,45,0.289,0.311,0.418,11,33,0.333,0.152,2,12,0.167
202325,Wesley Johnson,1610612764,WAS,31.0,38,25,0.344,17,44,0.386,0.477,0.219,9,28,0.321,0.125,8,16,0.5
1628425,Sterling Brown,1610612749,MIL,24.0,58,30,0.141,14,44,0.318,0.409,0.051,6,16,0.375,0.09,8,28,0.286
203083,Andre Drummond,1610612765,DET,25.0,79,33,0.042,8,44,0.182,0.205,0.029,6,30,0.2,0.013,2,14,0.143
203503,Tony Snell,1610612749,MIL,27.0,74,34,0.119,13,43,0.302,0.36,0.08,8,29,0.276,0.039,5,14,0.357
1629028,Deandre Ayton,1610612756,PHX,20.0,71,28,0.048,17,42,0.405,0.405,0.047,17,41,0.415,0.001,0,1,0.0
2546,Carmelo Anthony,1610612745,HOU,35.0,10,10,0.339,15,41,0.366,0.415,0.24,11,29,0.379,0.099,4,12,0.333
202329,Al-Farouq Aminu,1610612757,POR,28.0,81,32,0.07,7,41,0.171,0.195,0.046,5,27,0.185,0.024,2,14,0.143
202954,Brad Wanamaker,1610612738,BOS,29.0,36,22,0.381,16,40,0.4,0.475,0.248,10,26,0.385,0.133,6,14,0.429
1629121,Jaylen Adams,1610612737,ATL,23.0,34,22,0.364,13,40,0.325,0.425,0.127,5,14,0.357,0.236,8,26,0.308
203526,Raul Neto,1610612762,UTA,27.0,37,20,0.25,13,40,0.325,0.375,0.144,9,23,0.391,0.106,4,17,0.235
2738,Andre Iguodala,1610612744,GSW,35.0,68,28,0.132,12,40,0.3,0.35,0.089,8,27,0.296,0.043,4,13,0.308
1628436,Luke Kornet,1610612752,NYK,23.0,45,18,0.147,10,40,0.25,0.3,0.088,6,24,0.25,0.059,4,16,0.25
201152,Thaddeus Young,1610612754,IND,31.0,81,32,0.048,7,40,0.175,0.188,0.04,6,34,0.176,0.007,1,6,0.167
203901,Elfrid Payton,1610612740,NOP,25.0,42,25,0.095,13,39,0.333,0.41,0.036,7,15,0.467,0.058,6,24,0.25
1627814,Damion Lee,1610612744,GSW,26.0,32,20,0.299,18,38,0.474,0.539,0.228,13,29,0.448,0.071,5,9,0.556
201163,Wilson Chandler,1610612746,LAC,32.0,50,28,0.141,12,38,0.316,0.342,0.112,10,30,0.333,0.03,2,8,0.25
1628391,D.J. Wilson,1610612749,MIL,23.0,48,25,0.149,17,37,0.459,0.568,0.104,9,26,0.346,0.044,8,11,0.727
1627820,Tyrone Wallace,1610612746,LAC,25.0,62,24,0.171,15,37,0.405,0.405,0.161,15,35,0.429,0.009,0,2,0.0
1628467,Maxi Kleber,1610612742,DAL,27.0,71,25,0.093,16,36,0.444,0.486,0.075,13,29,0.448,0.018,3,7,0.429
202685,Jonas Valančiūnas,1610612763,MEM,27.0,49,26,0.067,13,36,0.361,0.375,0.063,12,34,0.353,0.004,1,2,0.5
1628390,Terrance Ferguson,1610612760,OKC,21.0,73,28,0.085,6,36,0.167,0.194,0.057,4,24,0.167,0.028,2,12,0.167
1628389,Bam Adebayo,1610612748,MIA,21.0,82,27,0.072,17,35,0.486,0.514,0.064,15,31,0.484,0.008,2,4,0.5
203077,Michael Kidd-Gilchrist,1610612766,CHA,25.0,64,29,0.105,13,35,0.371,0.371,0.093,13,31,0.419,0.012,0,4,0.0
1628381,John Collins,1610612737,ATL,21.0,61,28,0.041,11,34,0.324,0.338,0.035,10,29,0.345,0.006,1,5,0.2
202498,Lance Thomas,1610612752,NYK,31.0,46,23,0.168,14,33,0.424,0.424,0.162,14,32,0.438,0.005,0,1,0.0
203937,Kyle Anderson,1610612763,MEM,25.0,43,26,0.12,13,33,0.394,0.409,0.109,12,30,0.4,0.011,1,3,0.333
1628976,Wendell Carter Jr.,1610612741,CHI,20.0,43,25,0.09,8,33,0.242,0.242,0.079,8,29,0.276,0.011,0,4,0.0
1628991,Jaren Jackson Jr.,1610612763,MEM,19.0,58,24,0.054,8,32,0.25,0.313,0.034,4,20,0.2,0.02,4,12,0.333
1626192,Pat Connaughton,1610612749,MIL,26.0,61,23,0.089,14,31,0.452,0.565,0.04,7,14,0.5,0.049,7,17,0.412
203924,Jerami Grant,1610612760,OKC,25.0,79,26,0.038,9,31,0.29,0.306,0.037,8,30,0.267,0.001,1,1,1.0
1628384,OG Anunoby,1610612761,TOR,21.0,67,27,0.077,8,31,0.258,0.306,0.03,5,12,0.417,0.047,3,19,0.158
203922,Glenn Robinson III,1610612765,DET,25.0,47,21,0.171,15,30,0.5,0.517,0.16,14,28,0.5,0.011,1,2,0.5
1628385,Harry Giles III,1610612758,SAC,21.0,58,23,0.086,8,30,0.267,0.267,0.086,8,30,0.267,0.0,0,0,
203210,JaMychal Green,1610612746,LAC,29.0,65,23,0.063,7,30,0.233,0.283,0.038,4,18,0.222,0.025,3,12,0.25
203110,Draymond Green,1610612744,GSW,29.0,66,24,0.071,11,29,0.379,0.397,0.061,10,25,0.4,0.01,1,4,0.25
203486,Mason Plumlee,1610612743,DEN,29.0,82,24,0.066,9,29,0.31,0.31,0.057,9,25,0.36,0.009,0,4,0.0
1626155,Sam Dekker,1610612764,WAS,25.0,46,23,0.118,9,29,0.31,0.362,0.065,6,16,0.375,0.053,3,13,0.231
1628415,Dillon Brooks,1610612763,MEM,23.0,18,13,0.238,8,29,0.276,0.31,0.164,6,20,0.3,0.074,2,9,0.222
1627789,Timothe Luwawu-Cabarrot,1610612741,CHI,24.0,50,20,0.134,7,29,0.241,0.241,0.106,7,23,0.304,0.028,0,6,0.0
1626220,Royce O'Neale,1610612762,UTA,26.0,81,25,0.085,6,29,0.207,0.259,0.035,3,12,0.25,0.05,3,17,0.176
1626143,Jahlil Okafor,1610612740,NOP,23.0,59,22,0.077,12,28,0.429,0.429,0.072,12,26,0.462,0.006,0,2,0.0
1629010,Jerome Robinson,1610612746,LAC,22.0,33,15,0.255,12,28,0.429,0.518,0.155,7,17,0.412,0.1,5,11,0.455
201563,Michael Beasley,1610612747,LAL,30.0,26,12,0.183,11,28,0.393,0.411,0.157,10,24,0.417,0.026,1,4,0.25
1629018,Gary Trent Jr.,1610612757,POR,20.0,15,11,0.56,11,28,0.393,0.446,0.36,8,18,0.444,0.2,3,10,0.3
201580,JaVale McGee,1610612747,LAL,31.0,75,24,0.044,9,28,0.321,0.321,0.044,9,28,0.321,0.0,0,0,
1629004,Svi Mykhailiuk,1610612765,DET,22.0,42,19,0.201,8,28,0.286,0.339,0.129,5,18,0.278,0.072,3,10,0.3
203943,Noah Vonleh,1610612752,NYK,23.0,67,20,0.066,7,28,0.25,0.268,0.042,6,18,0.333,0.024,1,10,0.1
202738,Isaiah Thomas,1610612743,DEN,30.0,12,10,0.278,10,27,0.37,0.481,0.103,4,10,0.4,0.175,6,17,0.353
201973,Jonas Jerebko,1610612744,GSW,32.0,73,21,0.076,7,27,0.259,0.296,0.045,5,16,0.313,0.031,2,11,0.182
1629014,Anfernee Simons,1610612757,POR,20.0,20,11,0.413,12,26,0.462,0.558,0.238,7,15,0.467,0.175,5,11,0.455
203994,Jusuf Nurkić,1610612757,POR,24.0,72,21,0.031,9,26,0.346,0.346,0.029,9,24,0.375,0.002,0,2,0.0
1628470,Torrey Craig,1610612743,DEN,28.0,75,21,0.072,9,26,0.346,0.423,0.05,5,18,0.278,0.022,4,8,0.5
1628380,Zach Collins,1610612757,POR,21.0,77,23,0.066,7,26,0.269,0.346,0.053,3,21,0.143,0.013,4,5,0.8
1628980,Jacob Evans,1610612744,GSW,22.0,30,16,0.462,9,24,0.375,0.375,0.462,9,24,0.375,0.0,0,0,
203516,James Ennis III,1610612755,PHI,28.0,58,19,0.082,9,24,0.375,0.521,0.024,2,7,0.286,0.058,7,17,0.412
1626203,Treveon Graham,1610612751,BKN,25.0,35,16,0.126,7,24,0.292,0.292,0.099,7,19,0.368,0.026,0,5,0.0
1629066,Rodions Kurucs,1610612751,BKN,21.0,63,21,0.053,7,24,0.292,0.375,0.022,3,10,0.3,0.031,4,14,0.286
1628966,Keita Bates-Diop,1610612750,MIN,23.0,30,17,0.169,5,24,0.208,0.208,0.155,5,22,0.227,0.014,0,2,0.0
201959,Taj Gibson,1610612750,MIN,34.0,70,21,0.043,12,23,0.522,0.522,0.039,12,21,0.571,0.004,0,2,0.0
1628418,Thomas Bryant,1610612764,WAS,21.0,71,19,0.048,8,23,0.348,0.348,0.035,8,17,0.471,0.012,0,6,0.0
1627215,Walt Lemon Jr.,1610612741,CHI,26.0,6,6,0.271,8,23,0.348,0.348,0.271,8,23,0.348,0.0,0,0,
203485,Lorenzo Brown,1610612761,TOR,28.0,26,13,0.333,7,23,0.304,0.348,0.159,5,11,0.455,0.174,2,12,0.167
1626147,Justin Anderson,1610612737,ATL,25.0,48,17,0.146,6,23,0.261,0.348,0.064,2,10,0.2,0.083,4,13,0.308
1628971,Bruce Brown,1610612765,DET,22.0,74,20,0.073,6,23,0.261,0.283,0.041,5,13,0.385,0.032,1,10,0.1
1629033,Theo Pinson,1610612751,BKN,23.0,18,12,0.301,5,22,0.227,0.318,0.055,1,4,0.25,0.247,4,18,0.222
203090,Maurice Harkless,1610612757,POR,26.0,60,18,0.057,5,22,0.227,0.25,0.036,4,14,0.286,0.021,1,8,0.125
203487,Michael Carter-Williams,1610612753,ORL,27.0,28,14,0.179,5,22,0.227,0.295,0.081,2,10,0.2,0.098,3,12,0.25
1626150,Andrew Harrison,1610612740,NOP,24.0,17,12,0.415,4,22,0.182,0.227,0.189,2,10,0.2,0.226,2,12,0.167
200757,Thabo Sefolosha,1610612762,UTA,35.0,49,16,0.144,9,21,0.429,0.524,0.089,5,13,0.385,0.055,4,8,0.5
202684,Tristan Thompson,1610612739,CLE,28.0,43,17,0.054,9,20,0.45,0.45,0.054,9,20,0.45,0.0,0,0,
203469,Cody Zeller,1610612766,CHA,26.0,49,13,0.058,9,20,0.45,0.475,0.049,8,17,0.471,0.009,1,3,0.333
1629133,Daryl Macon,1610612742,DAL,23.0,8,4,0.741,6,20,0.3,0.375,0.444,3,12,0.25,0.296,3,8,0.375
101112,Channing Frye,1610612739,CLE,36.0,36,18,0.172,6,20,0.3,0.4,0.095,2,11,0.182,0.078,4,9,0.444
203998,Bruno Caboclo,1610612763,MEM,23.0,34,14,0.089,6,20,0.3,0.425,0.009,1,2,0.5,0.08,5,18,0.278
200782,P.J. Tucker,1610612745,HOU,34.0,82,18,0.038,5,20,0.25,0.325,0.019,2,10,0.2,0.019,3,10,0.3
1629017,Khyri Thomas,1610612765,DET,23.0,26,11,0.29,4,20,0.2,0.2,0.246,4,17,0.235,0.043,0,3,0.0
1628400,Semi Ojeleye,1610612738,BOS,24.0,56,14,0.127,4,20,0.2,0.225,0.07,3,11,0.273,0.057,1,9,0.111
202355,Hassan Whiteside,1610612748,MIA,30.0,72,18,0.029,3,20,0.15,0.15,0.029,3,20,0.15,0.0,0,0,
1627767,Cheick Diallo,1610612740,NOP,22.0,64,14,0.07,10,19,0.526,0.526,0.07,10,19,0.526,0.0,0,0,
203086,Meyers Leonard,1610612757,POR,27.0,61,16,0.079,9,19,0.474,0.526,0.058,7,14,0.5,0.021,2,5,0.4
1628035,Alfonzo McKinnie,1610612744,GSW,26.0,72,16,0.069,7,19,0.368,0.368,0.065,7,18,0.389,0.004,0,1,0.0
1629022,Lonnie Walker IV,1610612759,SAS,20.0,17,8,0.413,5,19,0.263,0.316,0.326,3,15,0.2,0.087,2,4,0.5
2736,Luol Deng,1610612750,MIN,34.0,22,12,0.161,4,19,0.211,0.211,0.119,4,14,0.286,0.042,0,5,0.0
203473,Dewayne Dedmon,1610612737,ATL,29.0,64,16,0.036,4,19,0.211,0.263,0.027,2,14,0.143,0.01,2,5,0.4
1628978,Donte DiVincenzo,1610612749,MIL,22.0,27,15,0.153,4,19,0.211,0.263,0.04,2,5,0.4,0.113,2,14,0.143
1627777,Georges Niang,1610612762,UTA,26.0,59,12,0.099,11,18,0.611,0.694,0.066,8,12,0.667,0.033,3,6,0.5
203463,Ben McLemore,1610612758,SAC,26.0,19,10,0.281,8,18,0.444,0.556,0.156,4,10,0.4,0.125,4,8,0.5
1629003,Shake Milton,1610612755,PHI,22.0,20,11,0.207,8,18,0.444,0.472,0.161,7,14,0.5,0.046,1,4,0.25
1628397,Ivan Rabb,1610612763,MEM,22.0,49,14,0.085,7,18,0.389,0.389,0.085,7,18,0.389,0.0,0,0,
1628021,David Nwaba,1610612739,CLE,26.0,51,17,0.069,7,18,0.389,0.389,0.058,7,15,0.467,0.012,0,3,0.0
203457,Nerlens Noel,1610612760,OKC,25.0,76,16,0.066,7,18,0.389,0.389,0.066,7,18,0.389,0.0,0,0,
1627734,Domantas Sabonis,1610612754,IND,23.0,74,17,0.026,5,18,0.278,0.278,0.026,5,18,0.278,0.0,0,0,
1628990,Chandler Hutchison,1610612741,CHI,23.0,44,16,0.086,5,18,0.278,0.278,0.077,5,16,0.313,0.01,0,2,0.0
1627395,Julian Washburn,1610612763,MEM,27.0,18,9,0.375,5,18,0.278,0.278,0.313,5,15,0.333,0.063,0,3,0.0
1629139,Yuta Watanabe,1610612763,MEM,24.0,15,11,0.353,3,18,0.167,0.167,0.314,3,16,0.188,0.039,0,2,0.0
1629123,Jared Terrell,1610612750,MIN,24.0,14,7,0.447,9,17,0.529,0.618,0.289,6,11,0.545,0.158,3,6,0.5
201583,Ryan Anderson,1610612748,MIA,31.0,25,10,0.246,5,17,0.294,0.294,0.217,5,15,0.333,0.029,0,2,0.0
203524,Solomon Hill,1610612740,NOP,28.0,44,9,0.096,5,17,0.294,0.324,0.073,4,13,0.308,0.022,1,4,0.25
203518,Alex Abrines,1610612760,OKC,25.0,31,11,0.102,8,16,0.5,0.688,0.032,2,5,0.4,0.07,6,11,0.545
1629151,Ryan Broekhoff,1610612742,DAL,28.0,42,11,0.126,7,16,0.438,0.563,0.055,3,7,0.429,0.071,4,9,0.444
201577,Robin Lopez,1610612741,CHI,31.0,73,16,0.03,6,16,0.375,0.375,0.03,6,16,0.375,0.0,0,0,
1626172,Kevon Looney,1610612744,GSW,23.0,80,16,0.047,5,16,0.313,0.313,0.038,5,13,0.385,0.009,0,3,0.0
203957,Danté Exum,1610612762,UTA,23.0,41,11,0.068,4,16,0.25,0.281,0.046,3,11,0.273,0.021,1,5,0.2
1626163,Frank Kaminsky,1610612766,CHA,26.0,47,14,0.054,3,16,0.188,0.219,0.044,2,13,0.154,0.01,1,3,0.333
201162,Jared Dudley,1610612751,BKN,33.0,59,14,0.063,9,15,0.6,0.7,0.042,6,10,0.6,0.021,3,5,0.6
203500,Steven Adams,1610612760,OKC,25.0,79,14,0.019,7,15,0.467,0.467,0.019,7,15,0.467,0.0,0,0,
201585,Kosta Koufos,1610612758,SAC,30.0,42,11,0.098,7,15,0.467,0.467,0.098,7,15,0.467,0.0,0,0,
1627748,Thon Maker,1610612765,DET,22.0,64,14,0.056,3,15,0.2,0.233,0.03,2,8,0.25,0.026,1,7,0.143
1628462,Milos Teodosic,1610612746,LAC,32.0,15,7,0.35,7,14,0.5,0.607,0.15,4,6,0.667,0.2,3,8,0.375
201147,Corey Brewer,1610612758,SAC,33.0,31,12,0.114,2,14,0.143,0.143,0.073,2,9,0.222,0.041,0,5,0.0
1626246,Boban Marjanović,1610612755,PHI,30.0,58,11,0.05,5,13,0.385,0.385,0.05,5,13,0.385,0.0,0,0,
1628656,Billy Garrett,1610612752,NYK,24.0,4,4,0.52,5,13,0.385,0.385,0.44,5,11,0.455,0.08,0,2,0.0
1627735,Wade Baldwin IV,1610612757,POR,23.0,16,10,0.394,5,13,0.385,0.462,0.212,3,7,0.429,0.182,2,6,0.333
1629126,Deonte Burton,1610612760,OKC,25.0,32,12,0.159,5,13,0.385,0.385,0.134,5,11,0.455,0.024,0,2,0.0
201229,Anthony Tolliver,1610612750,MIN,34.0,65,12,0.05,5,13,0.385,0.5,0.019,2,5,0.4,0.031,3,8,0.375
1627846,Abdel Nader,1610612760,OKC,25.0,60,11,0.061,4,13,0.308,0.385,0.038,2,8,0.25,0.023,2,5,0.4
2585,Zaza Pachulia,1610612765,DET,35.0,68,13,0.067,4,13,0.308,0.308,0.052,4,10,0.4,0.016,0,3,0.0
202326,DeMarcus Cousins,1610612744,GSW,28.0,30,9,0.036,3,13,0.231,0.269,0.03,2,11,0.182,0.006,1,2,0.5
1628964,Mo Bamba,1610612753,ORL,21.0,45,13,0.057,3,13,0.231,0.231,0.052,3,12,0.25,0.004,0,1,0.0
1626185,Jarell Martin,1610612753,ORL,25.0,41,9,0.125,3,13,0.231,0.231,0.096,3,10,0.3,0.029,0,3,0.0
1629541,Dairis Bertans,1610612740,NOP,29.0,12,9,0.277,2,13,0.154,0.192,0.191,1,9,0.111,0.085,1,4,0.25
203710,C.J. Williams,1610612750,MIN,29.0,15,6,0.343,8,12,0.667,0.75,0.2,6,7,0.857,0.143,2,5,0.4
1629244,Cam Reynolds,1610612750,MIN,24.0,19,9,0.154,6,12,0.5,0.583,0.115,4,9,0.444,0.038,2,3,0.667
1629109,Gary Clark,1610612745,HOU,24.0,51,10,0.079,4,12,0.333,0.5,0.0,0,0,,0.079,4,12,0.333
1629021,Moritz Wagner,1610612747,LAL,22.0,43,9,0.071,4,12,0.333,0.375,0.047,3,8,0.375,0.024,1,4,0.25
1627740,Henry Ellenson,1610612752,NYK,22.0,19,8,0.126,3,12,0.25,0.375,0.063,0,6,0.0,0.063,3,6,0.5
1628388,T.J. Leaf,1610612754,IND,22.0,58,11,0.066,3,12,0.25,0.25,0.066,3,12,0.25,0.0,0,0,
202690,Jimmer Fredette,1610612756,PHX,30.0,6,5,0.414,2,12,0.167,0.167,0.241,2,7,0.286,0.172,0,5,0.0
1627884,Derrick Jones Jr.,1610612748,MIA,22.0,60,12,0.037,1,12,0.083,0.083,0.018,1,6,0.167,0.018,0,6,0.0
1626174,Christian Wood,1610612740,NOP,23.0,21,7,0.094,5,11,0.455,0.455,0.085,5,10,0.5,0.009,0,1,0.0
202347,Quincy Pondexter,1610612759,SAS,31.0,53,9,0.19,4,11,0.364,0.409,0.138,3,8,0.375,0.052,1,3,0.333
1629094,Marcus Derrickson,1610612744,GSW,23.0,11,5,0.303,5,10,0.5,0.65,0.182,2,6,0.333,0.121,3,4,0.75
1626158,Richaun Holmes,1610612756,PHX,25.0,70,9,0.027,5,10,0.5,0.5,0.027,5,10,0.5,0.0,0,0,
1629102,Brandon Sampson,1610612741,CHI,22.0,14,7,0.167,4,10,0.4,0.5,0.083,2,5,0.4,0.083,2,5,0.4
202683,Enes Freedom,1610612757,POR,27.0,67,9,0.015,4,10,0.4,0.4,0.013,4,9,0.444,0.001,0,1,0.0
1627823,Juancho Hernangomez,1610612743,DEN,23.0,70,9,0.032,3,10,0.3,0.35,0.013,2,4,0.5,0.019,1,6,0.167
1628977,Hamidou Diallo,1610612760,OKC,20.0,50,10,0.061,3,10,0.3,0.3,0.061,3,10,0.3,0.0,0,0,
201956,Omri Casspi,1610612763,MEM,31.0,36,6,0.062,2,10,0.2,0.25,0.012,1,2,0.5,0.05,1,8,0.125
203960,JaKarr Sampson,1610612741,CHI,26.0,4,3,0.17,6,9,0.667,0.667,0.17,6,9,0.667,0.0,0,0,
1628410,Edmond Sumner,1610612754,IND,23.0,23,6,0.141,4,9,0.444,0.5,0.078,3,5,0.6,0.063,1,4,0.25
203458,Alex Len,1610612737,ATL,26.0,77,9,0.014,3,9,0.333,0.389,0.008,2,5,0.4,0.006,1,4,0.25
202335,Patrick Patterson,1610612760,OKC,30.0,62,7,0.041,3,9,0.333,0.333,0.032,3,7,0.429,0.009,0,2,0.0
1627775,Patrick McCaw,1610612761,TOR,23.0,29,6,0.143,1,9,0.111,0.111,0.095,1,6,0.167,0.048,0,3,0.0
1629002,Chimezie Metu,1610612759,SAS,22.0,29,7,0.155,1,9,0.111,0.111,0.155,1,9,0.111,0.0,0,0,
201975,Jodie Meeks,1610612761,TOR,31.0,8,4,0.205,5,8,0.625,0.688,0.179,4,7,0.571,0.026,1,1,1.0
1629015,Zhaire Smith,1610612755,PHI,20.0,6,4,0.235,3,8,0.375,0.5,0.118,1,4,0.25,0.118,2,4,0.5
1629061,Deng Adel,1610612739,CLE,22.0,19,6,0.222,2,8,0.25,0.25,0.139,2,5,0.4,0.083,0,3,0.0
1629058,Dzanan Musa,1610612751,BKN,20.0,9,6,0.364,2,8,0.25,0.25,0.227,2,5,0.4,0.136,0,3,0.0
1627733,Dragan Bender,1610612756,PHX,21.0,46,7,0.041,2,8,0.25,0.313,0.015,1,3,0.333,0.025,1,5,0.2
1628393,Jawun Evans,1610612760,OKC,22.0,8,4,0.571,1,8,0.125,0.125,0.429,1,6,0.167,0.143,0,2,0.0
1627790,Ante Zizic,1610612739,CLE,22.0,59,8,0.025,1,8,0.125,0.125,0.025,1,8,0.125,0.0,0,0,
1627772,Daniel Hamilton,1610612737,ATL,23.0,19,7,0.133,1,8,0.125,0.125,0.1,1,6,0.167,0.033,0,2,0.0
1629164,Brandon Goodwin,1610612743,DEN,23.0,16,6,0.348,0,8,0.0,0.0,0.261,0,6,0.0,0.087,0,2,0.0
1629067,Isaac Bonga,1610612747,LAL,19.0,22,7,0.25,0,8,0.0,0.0,0.156,0,5,0.0,0.094,0,3,0.0
1627746,Skal Labissiere,1610612757,POR,23.0,22,4,0.143,4,7,0.571,0.714,0.061,2,3,0.667,0.082,2,4,0.5
202720,Jon Leuer,1610612765,DET,30.0,41,7,0.061,4,7,0.571,0.571,0.061,4,7,0.571,0.0,0,0,
1628070,Jordan Loyd,1610612761,TOR,25.0,12,4,0.389,4,7,0.571,0.786,0.167,1,3,0.333,0.222,3,4,0.75
1626195,Willy Hernangomez,1610612766,CHA,25.0,58,7,0.024,3,7,0.429,0.5,0.02,2,6,0.333,0.003,1,1,1.0
1628421,Devin Robinson,1610612764,WAS,24.0,7,5,0.219,3,7,0.429,0.429,0.219,3,7,0.429,0.0,0,0,
1627781,Malachi Richardson,1610612761,TOR,23.0,22,6,0.241,2,7,0.286,0.429,0.069,0,2,0.0,0.172,2,5,0.4
2200,Pau Gasol,1610612749,MIL,38.0,30,6,0.074,2,7,0.286,0.286,0.074,2,7,0.286,0.0,0,0,
1629130,Duncan Robinson,1610612748,MIA,25.0,15,3,0.152,2,7,0.286,0.357,0.065,1,3,0.333,0.087,1,4,0.25
1628513,Naz Mitrou-Long,1610612762,UTA,25.0,14,5,0.35,2,7,0.286,0.429,0.0,0,0,,0.35,2,7,0.286
1629045,Bonzie Colson,1610612749,MIL,23.0,8,3,0.179,2,7,0.286,0.357,0.077,1,3,0.333,0.103,1,4,0.25
202324,Derrick Favors,1610612762,UTA,27.0,75,6,0.012,2,7,0.286,0.286,0.012,2,7,0.286,0.0,0,0,
1628413,Jonah Bolden,1610612755,PHI,23.0,43,7,0.044,1,7,0.143,0.143,0.025,1,4,0.25,0.019,0,3,0.0
1627786,Troy Williams,1610612758,SAC,24.0,21,7,0.071,1,7,0.143,0.143,0.041,1,4,0.25,0.031,0,3,0.0
1628403,Caleb Swanigan,1610612758,SAC,22.0,21,7,0.132,1,7,0.143,0.143,0.132,1,7,0.143,0.0,0,0,
1628417,Jaron Blossomgame,1610612739,CLE,25.0,27,6,0.065,1,7,0.143,0.143,0.056,1,6,0.167,0.009,0,1,0.0
1629016,Omari Spellman,1610612737,ATL,21.0,46,6,0.029,1,7,0.143,0.143,0.029,1,7,0.143,0.0,0,0,
203488,Mike Muscala,1610612747,LAL,27.0,63,5,0.017,2,6,0.333,0.333,0.008,2,3,0.667,0.008,0,3,0.0
101162,Marcin Gortat,1610612746,LAC,35.0,47,5,0.032,2,6,0.333,0.333,0.032,2,6,0.333,0.0,0,0,
203939,Dwight Powell,1610612742,DAL,27.0,77,6,0.012,1,6,0.167,0.167,0.01,1,5,0.2,0.002,0,1,0.0
203263,James Nunnally,1610612745,HOU,28.0,15,6,0.176,0,6,0.0,0.0,0.059,0,2,0.0,0.118,0,4,0.0
1628959,Rawle Alkins,1610612741,CHI,21.0,10,5,0.154,0,6,0.0,0.0,0.051,0,2,0.0,0.103,0,4,0.0
202687,Bismack Biyombo,1610612766,CHA,26.0,54,5,0.032,4,5,0.8,0.8,0.032,4,5,0.8,0.0,0,0,
203124,Kyle O'Quinn,1610612754,IND,29.0,45,5,0.037,4,5,0.8,0.8,0.037,4,5,0.8,0.0,0,0,
1629168,BJ Johnson,1610612758,SAC,23.0,7,5,0.278,3,5,0.6,0.6,0.278,3,5,0.6,0.0,0,0,
1628505,Troy Caupain,1610612753,ORL,23.0,4,3,0.625,3,5,0.6,0.7,0.5,2,4,0.5,0.125,1,1,1.0
202702,Kenneth Faried,1610612745,HOU,29.0,37,5,0.019,2,5,0.4,0.4,0.008,2,2,1.0,0.011,0,3,0.0
2617,Udonis Haslem,1610612748,MIA,39.0,10,3,0.152,2,5,0.4,0.4,0.091,2,3,0.667,0.061,0,2,0.0
1627758,Ron Baker,1610612764,WAS,26.0,15,5,0.25,1,5,0.2,0.2,0.1,1,2,0.5,0.15,0,3,0.0
1628982,Melvin Frazier Jr.,1610612753,ORL,22.0,10,5,0.238,1,5,0.2,0.2,0.19,1,4,0.25,0.048,0,1,0.0
1629203,Jemerrio Jones,1610612747,LAL,24.0,6,4,0.156,0,5,0.0,0.0,0.094,0,3,0.0,0.063,0,2,0.0
1627737,Marquese Chriss,1610612739,CLE,21.0,43,4,0.028,0,5,0.0,0.0,0.006,0,1,0.0,0.023,0,4,0.0
1626257,Salah Mejri,1610612742,DAL,33.0,36,4,0.036,2,4,0.5,0.75,0.0,0,0,,0.036,2,4,0.5
1626154,RJ Hunter,1610612738,BOS,25.0,1,1,0.308,2,4,0.5,0.625,0.077,1,1,1.0,0.231,1,3,0.333
1628464,Daniel Theis,1610612738,BOS,27.0,66,4,0.015,2,4,0.5,0.625,0.011,1,3,0.333,0.004,1,1,1.0
1627743,Demetrius Jackson,1610612755,PHI,24.0,6,2,0.267,2,4,0.5,0.5,0.2,2,3,0.667,0.067,0,1,0.0
1629185,Chris Chiozza,1610612745,HOU,23.0,7,4,0.5,1,4,0.25,0.375,0.125,0,1,0.0,0.375,1,3,0.333
2403,Nene,1610612745,HOU,36.0,42,4,0.034,1,4,0.25,0.25,0.017,1,2,0.5,0.017,0,2,0.0
1627751,Jakob Poeltl,1610612759,SAS,23.0,77,4,0.014,1,4,0.25,0.25,0.014,1,4,0.25,0.0,0,0,
1628432,Davon Reed,1610612754,IND,24.0,10,3,0.333,0,4,0.0,0.0,0.333,0,4,0.0,0.0,0,0,
202334,Ed Davis,1610612751,BKN,30.0,81,4,0.013,0,4,0.0,0.0,0.007,0,2,0.0,0.007,0,2,0.0
203497,Rudy Gobert,1610612762,UTA,27.0,80,4,0.006,0,4,0.0,0.0,0.006,0,4,0.0,0.0,0,0,
1628408,PJ Dozier,1610612738,BOS,22.0,6,3,0.19,0,4,0.0,0.0,0.19,0,4,0.0,0.0,0,0,
1627883,Jalen Jones,1610612739,CLE,26.0,16,4,0.065,0,4,0.0,0.0,0.065,0,4,0.0,0.0,0,0,
1628439,Isaiah Hicks,1610612752,NYK,24.0,3,2,0.375,2,3,0.667,0.667,0.375,2,3,0.667,0.0,0,0,
1628993,Alize Johnson,1610612754,IND,23.0,14,2,0.2,1,3,0.333,0.333,0.2,1,3,0.333,0.0,0,0,
201149,Joakim Noah,1610612763,MEM,34.0,42,3,0.014,1,3,0.333,0.333,0.014,1,3,0.333,0.0,0,0,
1626245,Cristiano Felicio,1610612741,CHI,26.0,60,3,0.017,1,3,0.333,0.333,0.011,1,2,0.5,0.006,0,1,0.0
1628449,Chris Boucher,1610612761,TOR,26.0,28,3,0.039,1,3,0.333,0.5,0.0,0,0,,0.039,1,3,0.333
1627826,Ivica Zubac,1610612746,LAC,22.0,59,3,0.008,1,3,0.333,0.333,0.008,1,3,0.333,0.0,0,0,
201601,Luc Mbah a Moute,1610612746,LAC,32.0,4,3,0.167,1,3,0.333,0.333,0.056,1,1,1.0,0.111,0,2,0.0
201156,Nick Young,1610612743,DEN,34.0,4,2,0.333,1,3,0.333,0.5,0.111,0,1,0.0,0.222,1,2,0.5
1629152,DeVaughn Akoon-Purcell,1610612743,DEN,26.0,7,3,0.3,0,3,0.0,0.0,0.0,0,0,,0.3,0,3,0.0
201599,DeAndre Jordan,1610612752,NYK,30.0,69,3,0.007,0,3,0.0,0.0,0.007,0,3,0.0,0.0,0,0,
101161,Amir Johnson,1610612755,PHI,32.0,51,2,0.013,2,2,1.0,1.0,0.013,2,2,1.0,0.0,0,0,
1626259,Malcolm Miller,1610612761,TOR,26.0,10,2,0.077,1,2,0.5,0.5,0.038,1,1,1.0,0.038,0,1,0.0
1629312,Haywood Highsmith,1610612755,PHI,22.0,5,1,0.2,1,2,0.5,0.5,0.1,1,1,1.0,0.1,0,1,0.0
203159,Scott Machado,1610612747,LAL,29.0,4,2,0.333,1,2,0.5,0.75,0.167,0,1,0.0,0.167,1,1,1.0
201967,Dante Cunningham,1610612759,SAS,32.0,64,1,0.013,0,2,0.0,0.0,0.006,0,1,0.0,0.006,0,1,0.0
1627824,Guerschon Yabusele,1610612738,BOS,23.0,41,2,0.026,0,2,0.0,0.0,0.013,0,1,0.0,0.013,0,1,0.0
1629234,Drew Eubanks,1610612759,SAS,22.0,23,2,0.077,0,2,0.0,0.0,0.077,0,2,0.0,0.0,0,0,
1628605,Dusty Hannahs,1610612763,MEM,25.0,2,1,0.167,0,2,0.0,0.0,0.083,0,1,0.0,0.083,0,1,0.0
202700,Donatas Motiejunas,1610612759,SAS,28.0,3,1,0.333,0,2,0.0,0.0,0.333,0,2,0.0,0.0,0,0,
1628386,Jarrett Allen,1610612751,BKN,21.0,80,2,0.004,0,2,0.0,0.0,0.004,0,2,0.0,0.0,0,0,
1628405,Johnathan Motley,1610612746,LAC,24.0,22,2,0.027,0,2,0.0,0.0,0.027,0,2,0.0,0.0,0,0,
1629020,Jarred Vanderbilt,1610612743,DEN,20.0,17,2,0.111,0,2,0.0,0.0,0.111,0,2,0.0,0.0,0,0,
203092,Tyler Zeller,1610612763,MEM,29.0,6,1,0.034,1,1,1.0,1.0,0.034,1,1,1.0,0.0,0,0,
1628999,Yante Maten,1610612748,MIA,22.0,2,1,0.25,1,1,1.0,1.0,0.25,1,1,1.0,0.0,0,0,
203920,Khem Birch,1610612753,ORL,26.0,50,1,0.007,0,1,0.0,0.0,0.007,0,1,0.0,0.0,0,0,
1629147,Joe Chealey,1610612766,CHA,23.0,1,1,0.333,0,1,0.0,0.0,0.333,0,1,0.0,0.0,0,0,
1629118,Thomas Welsh,1610612743,DEN,23.0,11,1,0.077,0,1,0.0,0.0,0.077,0,1,0.0,0.0,0,0,
1629140,Johnathan Williams,1610612747,LAL,24.0,24,1,0.009,0,1,0.0,0.0,0.0,0,0,,0.009,0,1,0.0
1628249,Mitchell Creek,1610612750,MIN,27.0,5,1,0.063,0,1,0.0,0.0,0.063,0,1,0.0,0.0,0,0,
1628387,Ike Anigbogu,1610612754,IND,20.0,3,1,0.333,0,1,0.0,0.0,0.333,0,1,0.0,0.0,0,0,
203089,John Henson,1610612739,CLE,28.0,14,1,0.015,0,1,0.0,0.0,0.0,0,0,,0.015,0,1,0.0
203564,Kalin Lucas,1610612765,DET,30.0,1,1,1.0,0,1,0.0,0.0,0.0,0,0,,1.0,0,1,0.0
1628979,Trevon Duval,1610612745,HOU,20.0,3,1,0.333,0,1,0.0,0.0,0.333,0,1,0.0,0.0,0,0,
203991,Clint Capela,1610612745,HOU,25.0,67,1,0.001,0,1,0.0,0.0,0.001,0,1,0.0,0.0,0,0,
101106,Andrew Bogut,1610612744,GSW,34.0,11,1,0.033,0,1,0.0,0.0,0.033,0,1,0.0,0.0,0,0,
201281,Andre Ingram,1610612747,LAL,33.0,4,1,0.167,0,1,0.0,0.0,0.167,0,1,0.0,0.0,0,0,
203961,Eric Moreland,1610612761,TOR,27.0,5,1,0.143,0,1,0.0,0.0,0.143,0,1,0.0,0.0,0,0,
1627816,Alex Poythress,1610612737,ATL,25.0,21,1,0.012,0,1,0.0,0.0,0.0,0,0,,0.012,0,1,0.0
1628463,Tyler Cavanaugh,1610612762,UTA,25.0,11,1,0.1,0,1,0.0,0.0,0.1,0,1,0.0,0.0,0,0,
1628414,Sindarius Thornwell,1610612746,LAC,24.0,64,1,0.02,0,1,0.0,0.0,0.02,0,1,0.0,0.0,0,0,
