player_id,player,team_id,team,age,gp,g,fga_frequency,fgm,fga,fg_pct,efg_pct,fg2a_frequency,fg2m,fg2a,fg2_pct,fg3a_frequency,fg3m,fg3a,fg3_pct
202691,Klay Thompson,1610612744,GSW,29.0,78,78,0.466,271,645,0.42,0.57,0.121,78,168,0.464,0.345,193,477,0.405
201939,Stephen Curry,1610612744,GSW,31.0,69,69,0.381,225,503,0.447,0.651,0.033,20,43,0.465,0.349,205,460,0.446
203082,Terrence Ross,1610612753,ORL,28.0,79,79,0.489,207,493,0.42,0.569,0.111,60,112,0.536,0.378,147,381,0.386
201572,Brook Lopez,1610612749,MIL,31.0,81,81,0.585,166,459,0.362,0.535,0.017,7,13,0.538,0.569,159,446,0.357
202331,Paul George,1610612760,OKC,29.0,76,76,0.285,178,454,0.392,0.575,0.024,12,39,0.308,0.261,166,415,0.4
201569,Eric Gordon,1610612745,HOU,30.0,68,68,0.48,172,450,0.382,0.573,0.001,0,1,0.0,0.479,172,449,0.383
202696,Nikola Vučević,1610612753,ORL,28.0,78,78,0.341,182,449,0.405,0.493,0.176,103,231,0.446,0.166,79,218,0.362
203109,Jae Crowder,1610612762,UTA,28.0,79,79,0.564,154,442,0.348,0.503,0.043,17,34,0.5,0.521,137,408,0.336
1627741,Buddy Hield,1610612758,SAC,26.0,82,82,0.323,202,439,0.46,0.671,0.027,17,37,0.459,0.296,185,402,0.46
200755,JJ Redick,1610612755,PHI,35.0,75,75,0.419,181,425,0.426,0.604,0.068,30,69,0.435,0.351,151,356,0.424
201188,Marc Gasol,1610612761,TOR,34.0,79,78,0.477,167,415,0.402,0.52,0.174,69,151,0.457,0.303,98,264,0.371
1626167,Myles Turner,1610612754,IND,23.0,74,72,0.512,163,399,0.409,0.495,0.274,94,214,0.439,0.237,69,185,0.373
201586,Serge Ibaka,1610612761,TOR,29.0,74,73,0.446,174,391,0.445,0.506,0.259,126,227,0.555,0.187,48,164,0.293
203200,Justin Holiday,1610612763,MEM,30.0,81,79,0.508,137,389,0.352,0.513,0.039,12,30,0.4,0.469,125,359,0.348
1628398,Kyle Kuzma,1610612747,LAL,23.0,70,70,0.357,122,388,0.314,0.459,0.032,10,35,0.286,0.325,112,353,0.317
101107,Marvin Williams,1610612766,CHA,33.0,75,74,0.594,148,387,0.382,0.561,0.028,10,18,0.556,0.566,138,369,0.374
1626157,Karl-Anthony Towns,1610612750,MIN,23.0,77,77,0.29,161,382,0.421,0.588,0.056,34,73,0.466,0.235,127,309,0.411
203484,Kentavious Caldwell-Pope,1610612747,LAL,26.0,82,79,0.503,147,381,0.386,0.549,0.057,23,43,0.535,0.446,124,338,0.367
200782,P.J. Tucker,1610612745,HOU,34.0,82,81,0.727,144,380,0.379,0.567,0.008,1,4,0.25,0.719,143,376,0.38
201980,Danny Green,1610612761,TOR,32.0,80,77,0.602,179,379,0.472,0.699,0.025,7,16,0.438,0.576,172,363,0.474
1626196,Josh Richardson,1610612748,MIA,25.0,73,73,0.367,148,377,0.393,0.564,0.041,19,42,0.452,0.327,129,335,0.385
203493,Reggie Bullock Jr.,1610612747,LAL,28.0,63,62,0.618,146,367,0.398,0.579,0.039,13,23,0.565,0.579,133,344,0.387
203084,Harrison Barnes,1610612758,SAC,27.0,77,77,0.357,146,366,0.399,0.59,0.019,6,19,0.316,0.338,140,347,0.403
203078,Bradley Beal,1610612764,WAS,26.0,81,79,0.234,131,365,0.359,0.527,0.02,8,31,0.258,0.214,123,334,0.368
204038,Langston Galloway,1610612765,DET,27.0,80,77,0.605,125,355,0.352,0.524,0.01,3,6,0.5,0.595,122,349,0.35
201143,Al Horford,1610612738,BOS,33.0,68,68,0.476,153,344,0.445,0.551,0.195,80,141,0.567,0.281,73,203,0.36
203967,Dario Šarić,1610612750,MIN,25.0,81,81,0.491,123,342,0.36,0.523,0.056,11,39,0.282,0.435,112,303,0.37
1627736,Malik Beasley,1610612743,DEN,22.0,81,77,0.458,142,338,0.42,0.626,0.012,3,9,0.333,0.446,139,329,0.422
202694,Marcus Morris Sr.,1610612738,BOS,29.0,75,72,0.399,135,337,0.401,0.585,0.021,11,18,0.611,0.378,124,319,0.389
203925,Joe Harris,1610612751,BKN,27.0,76,76,0.44,161,329,0.489,0.725,0.009,6,7,0.857,0.43,155,322,0.481
101123,Gerald Green,1610612745,HOU,33.0,73,72,0.569,128,328,0.39,0.579,0.012,4,7,0.571,0.557,124,321,0.386
202704,Reggie Jackson,1610612765,DET,29.0,82,81,0.312,130,327,0.398,0.593,0.004,2,4,0.5,0.309,128,323,0.396
203095,Evan Fournier,1610612753,ORL,26.0,79,78,0.314,122,326,0.374,0.54,0.031,14,32,0.438,0.283,108,294,0.367
203924,Jerami Grant,1610612760,OKC,25.0,79,77,0.397,131,323,0.406,0.582,0.044,17,36,0.472,0.353,114,287,0.397
1628995,Kevin Knox II,1610612752,NYK,19.0,74,70,0.359,110,323,0.341,0.502,0.019,6,17,0.353,0.34,104,306,0.34
1629013,Landry Shamet,1610612746,LAC,22.0,78,76,0.579,135,321,0.421,0.625,0.016,4,9,0.444,0.563,131,312,0.42
201158,Marco Belinelli,1610612759,SAS,33.0,79,79,0.465,128,321,0.399,0.558,0.083,26,57,0.456,0.383,102,264,0.386
1628374,Lauri Markkanen,1610612741,CHI,22.0,51,51,0.409,119,321,0.371,0.542,0.025,9,20,0.45,0.383,110,301,0.365
2772,Trevor Ariza,1610612764,WAS,33.0,68,66,0.443,110,321,0.343,0.511,0.006,2,4,0.5,0.437,108,317,0.341
203501,Tim Hardaway Jr.,1610612742,DAL,27.0,64,63,0.325,105,320,0.328,0.472,0.036,13,35,0.371,0.29,92,285,0.323
204060,Joe Ingles,1610612762,UTA,31.0,81,79,0.409,127,319,0.398,0.596,0.006,1,5,0.2,0.403,126,314,0.401
203121,Darius Miller,1610612740,NOP,29.0,69,66,0.657,118,318,0.371,0.542,0.041,9,20,0.45,0.616,109,298,0.366
203999,Nikola Jokić,1610612743,DEN,24.0,80,75,0.26,114,313,0.364,0.479,0.07,42,85,0.494,0.189,72,228,0.316
202711,Bojan Bogdanović,1610612754,IND,30.0,81,80,0.295,142,310,0.458,0.669,0.017,11,18,0.611,0.278,131,292,0.449
1628422,Damyean Dotson,1610612752,NYK,25.0,72,69,0.447,116,308,0.377,0.534,0.068,19,47,0.404,0.379,97,261,0.372
202722,Dāvis Bertāns,1610612759,SAS,26.0,76,76,0.678,135,307,0.44,0.651,0.024,5,11,0.455,0.653,130,296,0.439
202083,Wesley Matthews,1610612754,IND,32.0,69,68,0.439,124,307,0.404,0.596,0.019,6,13,0.462,0.421,118,294,0.401
201568,Danilo Gallinari,1610612746,LAC,30.0,68,66,0.347,131,306,0.428,0.624,0.041,11,36,0.306,0.306,120,270,0.444
201145,Jeff Green,1610612764,WAS,32.0,76,74,0.444,118,303,0.389,0.563,0.037,13,25,0.52,0.408,105,278,0.378
202699,Tobias Harris,1610612755,PHI,26.0,82,82,0.239,114,299,0.381,0.562,0.013,6,16,0.375,0.226,108,283,0.382
1627854,Bryn Forbes,1610612759,SAS,25.0,82,80,0.375,135,297,0.455,0.672,0.015,6,12,0.5,0.36,129,285,0.453
2594,Kyle Korver,1610612762,UTA,38.0,69,66,0.62,123,292,0.421,0.592,0.093,23,44,0.523,0.527,100,248,0.403
203932,Aaron Gordon,1610612753,ORL,23.0,76,76,0.282,104,288,0.361,0.514,0.046,16,47,0.34,0.236,88,241,0.365
201960,DeMarre Carroll,1610612751,BKN,32.0,67,66,0.499,102,286,0.357,0.524,0.017,6,10,0.6,0.482,96,276,0.348
203482,Kelly Olynyk,1610612748,MIA,28.0,79,76,0.5,106,282,0.376,0.548,0.039,9,22,0.409,0.461,97,260,0.373
202703,Nikola Mirotic,1610612749,MIL,28.0,46,46,0.518,108,281,0.384,0.566,0.026,6,14,0.429,0.493,102,267,0.382
1628390,Terrance Ferguson,1610612760,OKC,21.0,73,67,0.664,105,281,0.374,0.552,0.026,5,11,0.455,0.638,100,270,0.37
200768,Kyle Lowry,1610612761,TOR,33.0,65,64,0.379,107,280,0.382,0.571,0.004,1,3,0.333,0.375,106,277,0.383
1626224,Cedi Osman,1610612739,CLE,24.0,76,75,0.335,98,278,0.353,0.514,0.013,8,11,0.727,0.321,90,267,0.337
1628969,Mikal Bridges,1610612756,PHX,22.0,82,77,0.494,94,278,0.338,0.504,0.005,2,3,0.667,0.488,92,275,0.335
203488,Mike Muscala,1610612747,LAL,27.0,63,61,0.777,100,276,0.362,0.524,0.073,11,26,0.423,0.704,89,250,0.356
1626156,D'Angelo Russell,1610612751,BKN,23.0,81,76,0.181,108,275,0.393,0.582,0.007,4,11,0.364,0.174,104,264,0.394
1717,Dirk Nowitzki,1610612742,DAL,41.0,51,50,0.729,94,274,0.343,0.453,0.218,34,82,0.415,0.511,60,192,0.313
202329,Al-Farouq Aminu,1610612757,POR,28.0,81,80,0.464,97,273,0.355,0.526,0.022,4,13,0.308,0.442,93,260,0.358
1626162,Kelly Oubre Jr.,1610612756,PHX,23.0,69,65,0.325,87,273,0.319,0.471,0.007,4,6,0.667,0.317,83,267,0.311
1628371,Jonathan Isaac,1610612753,ORL,21.0,73,70,0.451,88,270,0.326,0.474,0.043,8,26,0.308,0.407,80,244,0.328
1713,Vince Carter,1610612737,ATL,42.0,76,71,0.575,106,269,0.394,0.584,0.024,4,11,0.364,0.551,102,258,0.395
201988,Patty Mills,1610612759,SAS,30.0,82,77,0.404,111,268,0.414,0.612,0.027,5,18,0.278,0.377,106,250,0.424
203903,Jordan Clarkson,1610612739,CLE,27.0,81,78,0.228,101,266,0.38,0.543,0.024,14,28,0.5,0.204,87,238,0.366
203114,Khris Middleton,1610612749,MIL,27.0,77,73,0.23,98,264,0.371,0.523,0.031,18,36,0.5,0.199,80,228,0.351
203952,Andrew Wiggins,1610612750,MIN,24.0,73,73,0.218,94,264,0.356,0.527,0.014,4,17,0.235,0.204,90,247,0.364
203935,Marcus Smart,1610612738,BOS,25.0,80,75,0.462,101,262,0.385,0.574,0.011,2,6,0.333,0.451,99,256,0.387
201961,Wayne Ellington,1610612765,DET,31.0,53,50,0.569,95,260,0.365,0.544,0.013,2,6,0.333,0.556,93,254,0.366
202681,Kyrie Irving,1610612738,BOS,27.0,67,64,0.209,116,259,0.448,0.639,0.033,17,41,0.415,0.176,99,218,0.454
203992,Bogdan Bogdanović,1610612758,SAC,26.0,70,68,0.3,106,259,0.409,0.583,0.039,16,34,0.471,0.261,90,225,0.4
203471,Dennis Schröder,1610612760,OKC,25.0,78,74,0.238,91,258,0.353,0.519,0.011,5,12,0.417,0.227,86,246,0.35
201142,Kevin Durant,1610612744,GSW,30.0,78,73,0.186,113,256,0.441,0.576,0.063,44,87,0.506,0.123,69,169,0.408
204020,Tyler Johnson,1610612756,PHX,27.0,57,56,0.487,87,256,0.34,0.504,0.027,3,14,0.214,0.46,84,242,0.347
1627759,Jaylen Brown,1610612738,BOS,22.0,74,71,0.322,91,255,0.357,0.52,0.016,8,13,0.615,0.306,83,242,0.343
200746,LaMarcus Aldridge,1610612759,SAS,33.0,81,76,0.193,116,254,0.457,0.474,0.165,107,218,0.491,0.027,9,36,0.25
202689,Kemba Walker,1610612766,CHA,29.0,82,77,0.15,90,253,0.356,0.516,0.012,9,20,0.45,0.139,81,233,0.348
203468,CJ McCollum,1610612757,POR,27.0,70,67,0.201,97,249,0.39,0.568,0.019,8,23,0.348,0.183,89,226,0.394
203118,Mike Scott,1610612755,PHI,30.0,79,72,0.588,101,247,0.409,0.603,0.043,5,18,0.278,0.545,96,229,0.419
203954,Joel Embiid,1610612755,PHI,25.0,63,61,0.209,77,246,0.313,0.445,0.031,12,37,0.324,0.177,65,209,0.311
203473,Dewayne Dedmon,1610612737,ATL,29.0,64,62,0.458,91,241,0.378,0.544,0.059,11,31,0.355,0.399,80,210,0.381
203087,Jeremy Lamb,1610612766,CHA,27.0,79,76,0.245,96,240,0.4,0.577,0.019,11,19,0.579,0.226,85,221,0.385
203459,Allen Crabbe,1610612751,BKN,27.0,43,43,0.638,92,238,0.387,0.576,0.024,2,9,0.222,0.614,90,229,0.393
203490,Otto Porter Jr.,1610612741,CHI,26.0,55,54,0.375,102,235,0.434,0.617,0.057,16,36,0.444,0.317,86,199,0.432
201587,Nicolas Batum,1610612766,CHA,30.0,75,73,0.42,96,235,0.409,0.589,0.034,11,19,0.579,0.386,85,216,0.394
1628989,Kevin Huerter,1610612737,ATL,20.0,75,72,0.356,90,234,0.385,0.573,0.008,2,5,0.4,0.348,88,229,0.384
1628370,Malik Monk,1610612766,CHA,21.0,73,69,0.396,84,232,0.362,0.543,0.01,0,6,0.0,0.386,84,226,0.372
202357,Nemanja Bjelica,1610612758,SAC,31.0,77,71,0.392,96,231,0.416,0.613,0.014,5,8,0.625,0.378,91,223,0.408
1627827,Dorian Finney-Smith,1610612742,DAL,26.0,81,79,0.438,73,231,0.316,0.47,0.025,2,13,0.154,0.413,71,218,0.326
1628404,Josh Hart,1610612747,LAL,24.0,67,65,0.496,78,230,0.339,0.507,0.013,1,6,0.167,0.483,77,224,0.344
1626159,Justise Winslow,1610612748,MIA,23.0,66,65,0.304,96,228,0.421,0.621,0.009,5,7,0.714,0.295,91,221,0.412
203081,Damian Lillard,1610612757,POR,28.0,80,74,0.149,88,228,0.386,0.559,0.016,9,25,0.36,0.133,79,203,0.389
203926,Doug McDermott,1610612754,IND,27.0,77,73,0.534,96,226,0.425,0.606,0.076,14,32,0.438,0.459,82,194,0.423
202066,Garrett Temple,1610612746,LAC,33.0,75,71,0.457,83,225,0.369,0.551,0.016,1,8,0.125,0.441,82,217,0.378
1626171,Bobby Portis,1610612764,WAS,24.0,49,47,0.371,85,223,0.381,0.534,0.077,17,46,0.37,0.295,68,177,0.384
1628467,Maxi Kleber,1610612742,DAL,27.0,71,70,0.578,81,223,0.363,0.529,0.034,7,13,0.538,0.544,74,210,0.352
1627750,Jamal Murray,1610612743,DEN,22.0,75,71,0.188,92,221,0.416,0.595,0.017,13,20,0.65,0.171,79,201,0.393
202340,Avery Bradley,1610612763,MEM,28.0,63,62,0.363,83,221,0.376,0.527,0.054,16,33,0.485,0.309,67,188,0.356
1628382,Justin Jackson,1610612742,DAL,24.0,81,75,0.457,80,221,0.362,0.541,0.004,1,2,0.5,0.452,79,219,0.361
1628378,Donovan Mitchell,1610612762,UTA,22.0,76,74,0.147,86,219,0.393,0.587,0.005,1,7,0.143,0.142,85,212,0.401
202697,Iman Shumpert,1610612745,HOU,29.0,62,62,0.491,81,219,0.37,0.543,0.034,5,15,0.333,0.457,76,204,0.373
203458,Alex Len,1610612737,ATL,26.0,77,68,0.338,79,219,0.361,0.527,0.034,6,22,0.273,0.304,73,197,0.371
1627783,Pascal Siakam,1610612761,TOR,25.0,80,75,0.231,82,218,0.376,0.553,0.017,5,16,0.313,0.214,77,202,0.381
202693,Markieff Morris,1610612760,OKC,29.0,58,55,0.453,77,218,0.353,0.505,0.046,11,22,0.5,0.407,66,196,0.337
1626164,Devin Booker,1610612756,PHX,22.0,64,61,0.171,89,215,0.414,0.565,0.033,24,42,0.571,0.138,65,173,0.376
1628369,Jayson Tatum,1610612738,BOS,21.0,79,69,0.208,85,215,0.395,0.577,0.016,7,17,0.412,0.191,78,198,0.394
1626179,Terry Rozier,1610612738,BOS,25.0,79,73,0.32,80,213,0.376,0.559,0.005,2,3,0.667,0.316,78,210,0.371
203079,Dion Waiters,1610612748,MIA,27.0,44,44,0.443,84,212,0.396,0.58,0.021,6,10,0.6,0.422,78,202,0.386
201229,Anthony Tolliver,1610612750,MIN,34.0,65,56,0.819,79,212,0.373,0.557,0.019,1,5,0.2,0.799,78,207,0.377
201976,Patrick Beverley,1610612746,LAC,30.0,78,69,0.444,86,211,0.408,0.611,0.002,0,1,0.0,0.442,86,210,0.41
201144,Mike Conley,1610612763,MEM,31.0,70,68,0.188,88,210,0.419,0.595,0.021,14,24,0.583,0.166,74,186,0.398
202330,Gordon Hayward,1610612738,BOS,29.0,72,67,0.328,80,208,0.385,0.534,0.055,18,35,0.514,0.272,62,173,0.358
201973,Jonas Jerebko,1610612744,GSW,32.0,73,66,0.584,85,206,0.413,0.573,0.085,19,30,0.633,0.499,66,176,0.375
203210,JaMychal Green,1610612746,LAC,29.0,65,61,0.431,87,205,0.424,0.58,0.097,23,46,0.5,0.334,64,159,0.403
203496,Robert Covington,1610612750,MIN,28.0,35,35,0.566,81,205,0.395,0.58,0.033,5,12,0.417,0.533,76,193,0.394
1627752,Taurean Prince,1610612737,ATL,25.0,55,53,0.343,86,204,0.422,0.632,0.005,0,3,0.0,0.338,86,201,0.428
202339,Eric Bledsoe,1610612749,MIL,29.0,78,69,0.208,58,202,0.287,0.431,0.004,0,4,0.0,0.204,58,198,0.293
203145,Kent Bazemore,1610612737,ATL,29.0,67,60,0.291,70,201,0.348,0.517,0.013,2,9,0.222,0.278,68,192,0.354
201933,Blake Griffin,1610612765,DET,30.0,75,66,0.148,74,199,0.372,0.55,0.007,3,10,0.3,0.141,71,189,0.376
203503,Tony Snell,1610612749,MIL,27.0,74,68,0.543,78,196,0.398,0.592,0.017,2,6,0.333,0.526,76,190,0.4
203585,Rodney McGruder,1610612746,LAC,27.0,66,61,0.423,69,196,0.352,0.528,0.011,0,5,0.0,0.413,69,191,0.361
1627832,Fred VanVleet,1610612761,TOR,25.0,64,61,0.326,83,195,0.426,0.623,0.013,6,8,0.75,0.313,77,187,0.412
1628379,Luke Kennard,1610612765,DET,23.0,63,57,0.375,80,195,0.41,0.613,0.013,1,7,0.143,0.362,79,188,0.42
201937,Ricky Rubio,1610612762,UTA,28.0,67,62,0.273,64,192,0.333,0.492,0.016,3,11,0.273,0.257,61,181,0.337
1629006,Josh Okogie,1610612750,MIN,20.0,74,62,0.378,58,192,0.302,0.445,0.01,3,5,0.6,0.368,55,187,0.294
203914,Gary Harris,1610612743,DEN,24.0,57,54,0.302,69,191,0.361,0.524,0.028,7,18,0.389,0.274,62,173,0.358
1626168,Trey Lyles,1610612743,DEN,23.0,64,59,0.391,54,191,0.283,0.401,0.031,9,15,0.6,0.36,45,176,0.256
1628420,Monté Morris,1610612743,DEN,24.0,82,77,0.269,83,188,0.441,0.649,0.017,5,12,0.417,0.252,78,176,0.443
203076,Anthony Davis,1610612740,NOP,26.0,56,55,0.181,76,186,0.409,0.532,0.062,30,64,0.469,0.119,46,122,0.377
1628384,OG Anunoby,1610612761,TOR,21.0,67,63,0.46,64,185,0.346,0.514,0.012,2,5,0.4,0.448,62,180,0.344
1627763,Malcolm Brogdon,1610612749,MIL,26.0,64,64,0.246,88,184,0.478,0.712,0.004,2,3,0.667,0.242,86,181,0.475
1629028,Deandre Ayton,1610612756,PHX,20.0,71,66,0.211,70,184,0.38,0.38,0.208,70,181,0.387,0.003,0,3,0.0
1628436,Luke Kornet,1610612752,NYK,23.0,45,40,0.673,67,183,0.366,0.536,0.051,5,14,0.357,0.621,62,169,0.367
1626192,Pat Connaughton,1610612749,MIL,26.0,61,55,0.521,59,182,0.324,0.486,0.006,0,2,0.0,0.516,59,180,0.328
1628470,Torrey Craig,1610612743,DEN,28.0,75,66,0.5,57,181,0.315,0.472,0.003,0,1,0.0,0.497,57,180,0.317
1627823,Juancho Hernangomez,1610612743,DEN,23.0,70,57,0.575,69,180,0.383,0.564,0.016,4,5,0.8,0.559,65,175,0.371
1628381,John Collins,1610612737,ATL,21.0,61,55,0.214,61,178,0.343,0.494,0.03,7,25,0.28,0.184,54,153,0.353
1629066,Rodions Kurucs,1610612751,BKN,21.0,63,59,0.394,55,177,0.311,0.46,0.018,2,8,0.25,0.376,53,169,0.314
1626169,Stanley Johnson,1610612740,NOP,23.0,66,60,0.402,54,177,0.305,0.455,0.007,1,3,0.333,0.395,53,174,0.305
1628367,Josh Jackson,1610612756,PHX,22.0,79,69,0.21,65,176,0.369,0.537,0.013,6,11,0.545,0.196,59,165,0.358
101139,CJ Miles,1610612763,MEM,32.0,53,50,0.57,63,176,0.358,0.526,0.023,4,7,0.571,0.547,59,169,0.349
201566,Russell Westbrook,1610612760,OKC,30.0,72,63,0.121,57,176,0.324,0.474,0.008,4,11,0.364,0.114,53,165,0.321
202695,Kawhi Leonard,1610612761,TOR,28.0,60,57,0.153,72,173,0.416,0.59,0.023,12,26,0.462,0.13,60,147,0.408
203110,Draymond Green,1610612744,GSW,29.0,66,61,0.42,50,172,0.291,0.413,0.054,8,22,0.364,0.366,42,150,0.28
1628970,Miles Bridges,1610612766,CHA,21.0,80,73,0.333,60,170,0.353,0.515,0.016,5,8,0.625,0.317,55,162,0.34
200752,Rudy Gay,1610612759,SAS,32.0,69,65,0.227,68,169,0.402,0.58,0.021,8,16,0.5,0.205,60,153,0.392
203933,T.J. Warren,1610612756,PHX,25.0,43,41,0.275,74,168,0.44,0.64,0.023,7,14,0.5,0.252,67,154,0.435
203552,Seth Curry,1610612757,POR,28.0,74,62,0.359,79,167,0.473,0.707,0.022,1,10,0.1,0.338,78,157,0.497
203085,Austin Rivers,1610612745,HOU,26.0,76,67,0.288,61,165,0.37,0.555,0.0,0,0,,0.288,61,165,0.37
1627853,Ryan Arcidiacono,1610612741,CHI,25.0,80,68,0.398,69,164,0.421,0.628,0.005,1,2,0.5,0.393,68,162,0.42
101141,Ersan Ilyasova,1610612749,MIL,32.0,67,62,0.427,59,163,0.362,0.512,0.076,10,29,0.345,0.351,49,134,0.366
203918,Rodney Hood,1610612757,POR,26.0,72,65,0.243,59,163,0.362,0.512,0.031,10,21,0.476,0.212,49,142,0.345
1627761,DeAndre' Bembry,1610612737,ATL,24.0,82,73,0.261,46,161,0.286,0.429,0.008,0,5,0.0,0.253,46,156,0.295
203944,Julius Randle,1610612740,NOP,24.0,73,70,0.147,59,160,0.369,0.534,0.011,6,12,0.5,0.136,53,148,0.358
1626220,Royce O'Neale,1610612762,UTA,26.0,81,63,0.468,64,159,0.403,0.601,0.009,1,3,0.333,0.459,63,156,0.404
203953,Jabari Parker,1610612764,WAS,24.0,63,57,0.215,52,159,0.327,0.462,0.031,9,23,0.391,0.184,43,136,0.316
200794,Paul Millsap,1610612743,DEN,34.0,70,61,0.237,64,158,0.405,0.573,0.032,11,21,0.524,0.206,53,137,0.387
201162,Jared Dudley,1610612751,BKN,33.0,59,52,0.661,57,158,0.361,0.519,0.05,7,12,0.583,0.611,50,146,0.342
203546,Ian Clark,1610612740,NOP,28.0,60,47,0.41,54,157,0.344,0.503,0.037,4,14,0.286,0.373,50,143,0.35
201152,Thaddeus Young,1610612754,IND,31.0,81,67,0.187,53,157,0.338,0.487,0.024,6,20,0.3,0.163,47,137,0.343
1627748,Thon Maker,1610612765,DET,22.0,64,55,0.582,52,156,0.333,0.487,0.041,4,11,0.364,0.541,48,145,0.331
202734,E'Twaun Moore,1610612740,NOP,30.0,53,52,0.291,68,155,0.439,0.635,0.023,7,12,0.583,0.269,61,143,0.427
1628366,Lonzo Ball,1610612747,LAL,21.0,47,43,0.34,50,155,0.323,0.477,0.009,2,4,0.5,0.331,48,151,0.318
203107,Tomas Satoransky,1610612764,WAS,27.0,79,65,0.297,62,154,0.403,0.591,0.015,4,8,0.5,0.281,58,146,0.397
2734,Devin Harris,1610612742,DAL,36.0,68,64,0.444,50,154,0.325,0.487,0.009,0,3,0.0,0.435,50,151,0.331
1627774,Jake Layman,1610612757,POR,25.0,71,61,0.363,47,154,0.305,0.448,0.014,3,6,0.5,0.349,44,148,0.297
203915,Spencer Dinwiddie,1610612751,BKN,26.0,68,66,0.185,57,153,0.373,0.556,0.001,1,1,1.0,0.184,56,152,0.368
1629012,Collin Sexton,1610612739,CLE,20.0,82,65,0.128,65,152,0.428,0.632,0.01,3,12,0.25,0.118,62,140,0.443
1628991,Jaren Jackson Jr.,1610612763,MEM,19.0,58,56,0.258,58,152,0.382,0.536,0.041,11,24,0.458,0.217,47,128,0.367
202335,Patrick Patterson,1610612760,OKC,30.0,62,51,0.696,51,151,0.338,0.49,0.078,5,17,0.294,0.618,46,134,0.343
1627782,Wayne Selden,1610612741,CHI,24.0,75,66,0.312,48,150,0.32,0.47,0.019,3,9,0.333,0.293,45,141,0.319
201571,D.J. Augustin,1610612753,ORL,31.0,79,68,0.224,65,148,0.439,0.659,0.003,0,2,0.0,0.221,65,146,0.445
202324,Derrick Favors,1610612762,UTA,27.0,75,64,0.247,48,148,0.324,0.382,0.117,31,70,0.443,0.13,17,78,0.218
202709,Cory Joseph,1610612754,IND,27.0,82,68,0.265,53,145,0.366,0.538,0.013,3,7,0.429,0.252,50,138,0.362
201163,Wilson Chandler,1610612746,LAC,32.0,50,47,0.535,56,144,0.389,0.583,0.015,0,4,0.0,0.52,56,140,0.4
1628402,Frank Jackson,1610612740,NOP,21.0,61,50,0.319,42,143,0.294,0.434,0.022,2,10,0.2,0.297,40,133,0.301
1626163,Frank Kaminsky,1610612766,CHA,26.0,47,42,0.477,50,142,0.352,0.525,0.027,1,8,0.125,0.45,49,134,0.366
1627734,Domantas Sabonis,1610612754,IND,23.0,74,60,0.201,57,141,0.404,0.433,0.178,49,125,0.392,0.023,8,16,0.5
1629027,Trae Young,1610612737,ATL,20.0,81,64,0.111,52,139,0.374,0.55,0.005,3,6,0.5,0.106,49,133,0.368
203516,James Ennis III,1610612755,PHI,28.0,58,52,0.473,49,139,0.353,0.525,0.007,1,2,0.5,0.466,48,137,0.35
2738,Andre Iguodala,1610612744,GSW,35.0,68,53,0.46,46,139,0.331,0.486,0.04,3,12,0.25,0.421,43,127,0.339
203476,Gorgui Dieng,1610612750,MIN,29.0,76,61,0.366,65,138,0.471,0.533,0.241,48,91,0.527,0.125,17,47,0.362
201954,Darren Collison,1610612754,IND,31.0,76,68,0.209,61,138,0.442,0.627,0.033,10,22,0.455,0.176,51,116,0.44
1626181,Norman Powell,1610612761,TOR,26.0,60,54,0.345,60,138,0.435,0.638,0.02,4,8,0.5,0.325,56,130,0.431
202710,Jimmy Butler III,1610612755,PHI,29.0,64,54,0.156,53,138,0.384,0.525,0.036,14,32,0.438,0.12,39,106,0.368
201950,Jrue Holiday,1610612740,NOP,29.0,67,56,0.119,51,138,0.37,0.536,0.007,5,8,0.625,0.112,46,130,0.354
1628418,Thomas Bryant,1610612764,WAS,21.0,71,57,0.283,55,137,0.401,0.518,0.101,23,49,0.469,0.182,32,88,0.364
202362,Lance Stephenson,1610612747,LAL,28.0,68,58,0.317,51,137,0.372,0.544,0.019,4,8,0.5,0.299,47,129,0.364
203584,Troy Daniels,1610612756,PHX,27.0,51,46,0.498,51,137,0.372,0.551,0.011,2,3,0.667,0.487,49,134,0.366
1629016,Omari Spellman,1610612737,ATL,21.0,46,42,0.561,49,137,0.358,0.518,0.037,5,9,0.556,0.525,44,128,0.344
101150,Lou Williams,1610612746,LAC,32.0,75,62,0.12,49,136,0.36,0.518,0.017,6,19,0.316,0.103,43,117,0.368
203939,Dwight Powell,1610612742,DAL,27.0,77,64,0.278,39,135,0.289,0.43,0.023,1,11,0.091,0.256,38,124,0.306
1628380,Zach Collins,1610612757,POR,21.0,77,65,0.338,41,134,0.306,0.433,0.051,7,20,0.35,0.288,34,114,0.298
1627863,Danuel House Jr.,1610612745,HOU,26.0,39,37,0.528,57,133,0.429,0.639,0.004,1,1,1.0,0.524,56,132,0.424
1629026,Kenrich Williams,1610612740,NOP,24.0,46,39,0.48,44,133,0.331,0.492,0.022,1,6,0.167,0.458,43,127,0.339
1629029,Luka Dončić,1610612742,DAL,20.0,72,64,0.111,49,132,0.371,0.557,0.001,0,1,0.0,0.11,49,131,0.374
1626188,Quinn Cook,1610612744,GSW,26.0,74,57,0.297,62,129,0.481,0.694,0.025,7,11,0.636,0.272,55,118,0.466
203943,Noah Vonleh,1610612752,NYK,23.0,67,55,0.304,45,129,0.349,0.519,0.014,1,6,0.167,0.289,44,123,0.358
201567,Kevin Love,1610612739,CLE,30.0,22,22,0.456,40,129,0.31,0.45,0.049,4,14,0.286,0.406,36,115,0.313
203115,Will Barton,1610612743,DEN,28.0,43,40,0.281,49,128,0.383,0.566,0.015,2,7,0.286,0.265,47,121,0.388
203897,Zach LaVine,1610612741,CHI,24.0,62,55,0.112,48,125,0.384,0.548,0.013,7,15,0.467,0.099,41,110,0.373
1626144,Emmanuel Mudiay,1610612752,NYK,23.0,58,50,0.175,42,125,0.336,0.496,0.01,2,7,0.286,0.165,40,118,0.339
1628391,D.J. Wilson,1610612749,MIL,23.0,48,43,0.502,42,125,0.336,0.488,0.044,4,11,0.364,0.458,38,114,0.333
1629109,Gary Clark,1610612745,HOU,24.0,51,40,0.828,37,125,0.296,0.444,0.0,0,0,,0.828,37,125,0.296
1626203,Treveon Graham,1610612751,BKN,25.0,35,32,0.649,38,124,0.306,0.46,0.005,0,1,0.0,0.644,38,123,0.309
1628983,Shai Gilgeous-Alexander,1610612746,LAC,20.0,82,65,0.172,47,123,0.382,0.557,0.01,4,7,0.571,0.162,43,116,0.371
1627742,Brandon Ingram,1610612747,LAL,21.0,52,48,0.169,41,123,0.333,0.447,0.047,13,34,0.382,0.122,28,89,0.315
1628425,Sterling Brown,1610612749,MIL,24.0,58,50,0.388,47,121,0.388,0.574,0.01,2,3,0.667,0.378,45,118,0.381
203518,Alex Abrines,1610612760,OKC,25.0,31,31,0.771,38,121,0.314,0.459,0.032,3,5,0.6,0.739,35,116,0.302
1628035,Alfonzo McKinnie,1610612744,GSW,26.0,72,56,0.433,43,119,0.361,0.538,0.011,1,3,0.333,0.422,42,116,0.362
202391,Jeremy Lin,1610612761,TOR,30.0,74,59,0.22,34,119,0.286,0.424,0.009,1,5,0.2,0.211,33,114,0.289
1628963,Marvin Bagley III,1610612758,SAC,20.0,62,55,0.168,46,118,0.39,0.496,0.061,21,43,0.488,0.107,25,75,0.333
1627788,Furkan Korkmaz,1610612755,PHI,21.0,48,39,0.482,40,118,0.339,0.504,0.012,1,3,0.333,0.469,39,115,0.339
201949,James Johnson,1610612748,MIA,32.0,55,46,0.311,37,118,0.314,0.466,0.018,1,7,0.143,0.293,36,111,0.324
201942,DeMar DeRozan,1610612759,SAS,29.0,77,57,0.089,45,117,0.385,0.415,0.064,38,84,0.452,0.025,7,33,0.212
203086,Meyers Leonard,1610612757,POR,27.0,61,46,0.481,49,116,0.422,0.616,0.062,4,15,0.267,0.419,45,101,0.446
203917,Nik Stauskas,1610612739,CLE,25.0,68,53,0.344,47,116,0.405,0.599,0.018,2,6,0.333,0.326,45,110,0.409
201936,Tyreke Evans,1610612754,IND,29.0,69,58,0.173,45,114,0.395,0.583,0.005,2,3,0.667,0.168,43,111,0.387
2544,LeBron James,1610612747,LAL,34.0,55,47,0.104,42,114,0.368,0.526,0.013,6,14,0.429,0.091,36,100,0.36
1628973,Jalen Brunson,1610612742,DAL,22.0,73,54,0.202,38,114,0.333,0.5,0.004,0,2,0.0,0.199,38,112,0.339
201588,George Hill,1610612749,MIL,33.0,60,53,0.301,38,113,0.336,0.496,0.013,2,5,0.4,0.287,36,108,0.333
203998,Bruno Caboclo,1610612763,MEM,23.0,34,34,0.498,45,112,0.402,0.594,0.009,2,2,1.0,0.489,43,110,0.391
1627789,Timothe Luwawu-Cabarrot,1610612741,CHI,24.0,50,36,0.516,37,112,0.33,0.491,0.009,1,2,0.5,0.507,36,110,0.327
203090,Maurice Harkless,1610612757,POR,26.0,60,53,0.287,31,111,0.279,0.419,0.0,0,0,,0.287,31,111,0.279
203506,Victor Oladipo,1610612754,IND,27.0,36,32,0.187,45,110,0.409,0.586,0.024,6,14,0.429,0.163,39,96,0.406
1628401,Derrick White,1610612759,SAS,24.0,67,54,0.203,38,110,0.345,0.505,0.007,3,4,0.75,0.195,35,106,0.33
1626204,Larry Nance Jr.,1610612739,CLE,26.0,67,56,0.233,37,109,0.339,0.477,0.058,7,27,0.259,0.175,30,82,0.366
1626209,Mario Hezonja,1610612752,NYK,24.0,57,46,0.239,32,109,0.294,0.422,0.015,4,7,0.571,0.224,28,102,0.275
203994,Jusuf Nurkić,1610612757,POR,24.0,72,48,0.132,32,109,0.294,0.307,0.1,29,83,0.349,0.031,3,26,0.115
1626153,Delon Wright,1610612763,MEM,27.0,75,65,0.191,35,106,0.33,0.495,0.004,0,2,0.0,0.187,35,104,0.337
1628464,Daniel Theis,1610612738,BOS,27.0,66,48,0.395,38,105,0.362,0.481,0.154,13,41,0.317,0.241,25,64,0.391
201609,Goran Dragic,1610612748,MIA,33.0,36,34,0.243,37,105,0.352,0.529,0.014,0,6,0.0,0.229,37,99,0.374
202322,John Wall,1610612764,WAS,28.0,32,32,0.188,39,104,0.375,0.558,0.004,1,2,0.5,0.185,38,102,0.373
202692,Alec Burks,1610612758,SAC,27.0,64,46,0.215,43,102,0.422,0.608,0.019,5,9,0.556,0.196,38,93,0.409
1627777,Georges Niang,1610612762,UTA,26.0,59,45,0.552,40,100,0.4,0.6,0.011,0,2,0.0,0.541,40,98,0.408
203524,Solomon Hill,1610612740,NOP,28.0,44,38,0.562,33,100,0.33,0.485,0.022,2,4,0.5,0.539,31,96,0.323
1628372,Dennis Smith Jr.,1610612752,NYK,21.0,53,42,0.154,30,100,0.3,0.445,0.003,1,2,0.5,0.151,29,98,0.296
202326,DeMarcus Cousins,1610612744,GSW,28.0,30,29,0.275,29,100,0.29,0.41,0.025,5,9,0.556,0.251,24,91,0.264
1628416,Tyler Dorsey,1610612763,MEM,23.0,48,36,0.371,35,98,0.357,0.531,0.008,1,2,0.5,0.364,34,96,0.354
1628976,Wendell Carter Jr.,1610612741,CHI,20.0,43,38,0.266,40,97,0.412,0.443,0.195,34,71,0.479,0.071,6,26,0.231
2548,Dwyane Wade,1610612748,MIA,37.0,72,55,0.101,39,97,0.402,0.557,0.024,9,23,0.391,0.077,30,74,0.405
1627733,Dragan Bender,1610612756,PHX,21.0,46,39,0.487,21,96,0.219,0.328,0.0,0,0,,0.487,21,96,0.219
1628368,De'Aaron Fox,1610612758,SAC,21.0,81,56,0.086,38,95,0.4,0.589,0.005,2,6,0.333,0.081,36,89,0.404
202498,Lance Thomas,1610612752,NYK,31.0,46,40,0.482,30,95,0.316,0.432,0.091,8,18,0.444,0.391,22,77,0.286
1627846,Abdel Nader,1610612760,OKC,25.0,60,44,0.446,29,95,0.305,0.458,0.005,0,1,0.0,0.441,29,94,0.309
1628413,Jonah Bolden,1610612755,PHI,23.0,43,37,0.588,34,94,0.362,0.532,0.025,2,4,0.5,0.563,32,90,0.356
203894,Shabazz Napier,1610612751,BKN,27.0,56,35,0.216,31,94,0.33,0.489,0.005,1,2,0.5,0.211,30,92,0.326
203504,Trey Burke,1610612742,DAL,26.0,58,46,0.17,31,93,0.333,0.489,0.013,2,7,0.286,0.157,29,86,0.337
2037,Jamal Crawford,1610612756,PHX,39.0,64,42,0.205,33,90,0.367,0.539,0.014,2,6,0.333,0.192,31,84,0.369
1628964,Mo Bamba,1610612753,ORL,21.0,45,39,0.389,32,89,0.36,0.461,0.114,14,26,0.538,0.275,18,63,0.286
203521,Matthew Dellavedova,1610612739,CLE,28.0,48,42,0.364,35,88,0.398,0.58,0.017,3,4,0.75,0.347,32,84,0.381
1627812,Yogi Ferrell,1610612758,SAC,26.0,71,46,0.251,33,88,0.375,0.557,0.006,1,2,0.5,0.245,32,86,0.372
1629151,Ryan Broekhoff,1610612742,DAL,28.0,42,32,0.677,35,86,0.407,0.605,0.008,1,1,1.0,0.669,34,85,0.4
1627884,Derrick Jones Jr.,1610612748,MIA,22.0,60,39,0.265,29,86,0.337,0.5,0.003,1,1,1.0,0.262,28,85,0.329
201967,Dante Cunningham,1610612759,SAS,32.0,64,43,0.538,36,85,0.424,0.6,0.133,6,21,0.286,0.405,30,64,0.469
201959,Taj Gibson,1610612750,MIN,34.0,70,46,0.158,33,85,0.388,0.453,0.099,22,53,0.415,0.059,11,32,0.344
1628373,Frank Ntilikina,1610612752,NYK,20.0,42,36,0.313,25,85,0.294,0.435,0.018,1,5,0.2,0.294,24,80,0.3
1628971,Bruce Brown,1610612765,DET,22.0,74,50,0.27,24,85,0.282,0.418,0.006,1,2,0.5,0.263,23,83,0.277
201565,Derrick Rose,1610612750,MIN,30.0,51,38,0.112,29,84,0.345,0.512,0.005,1,4,0.25,0.106,28,80,0.35
1628400,Semi Ojeleye,1610612738,BOS,24.0,56,38,0.532,28,84,0.333,0.488,0.032,2,5,0.4,0.5,26,79,0.329
1628411,Wes Iwundu,1610612753,ORL,24.0,68,48,0.303,32,83,0.386,0.548,0.036,5,10,0.5,0.266,27,73,0.37
203382,Aron Baynes,1610612738,BOS,32.0,51,43,0.372,30,83,0.361,0.488,0.103,9,23,0.391,0.269,21,60,0.35
1629004,Svi Mykhailiuk,1610612765,DET,22.0,42,33,0.597,27,83,0.325,0.482,0.029,1,4,0.25,0.568,26,79,0.329
202718,Chandler Parsons,1610612763,MEM,30.0,25,23,0.448,25,81,0.309,0.444,0.044,3,8,0.375,0.403,22,73,0.301
1629001,De'Anthony Melton,1610612756,PHX,21.0,50,38,0.305,29,78,0.372,0.545,0.012,2,3,0.667,0.293,27,75,0.36
1629059,Elie Okobo,1610612756,PHX,21.0,53,44,0.269,23,78,0.295,0.436,0.007,1,2,0.5,0.262,22,76,0.289
203077,Michael Kidd-Gilchrist,1610612766,CHA,25.0,64,47,0.232,29,77,0.377,0.481,0.102,13,34,0.382,0.13,16,43,0.372
1626170,Jerian Grant,1610612753,ORL,26.0,58,43,0.353,31,76,0.408,0.605,0.005,1,1,1.0,0.349,30,75,0.4
1628960,Grayson Allen,1610612762,UTA,23.0,38,30,0.427,28,76,0.368,0.546,0.006,1,1,1.0,0.421,27,75,0.36
203901,Elfrid Payton,1610612740,NOP,25.0,42,36,0.185,26,76,0.342,0.513,0.0,0,0,,0.185,26,76,0.342
200757,Thabo Sefolosha,1610612762,UTA,35.0,49,40,0.514,32,75,0.427,0.627,0.034,2,5,0.4,0.479,30,70,0.429
1626184,Chasson Randle,1610612764,WAS,26.0,48,37,0.359,27,75,0.36,0.54,0.005,0,1,0.0,0.354,27,74,0.365
202685,Jonas Valančiūnas,1610612763,MEM,27.0,49,40,0.14,27,75,0.36,0.447,0.056,14,30,0.467,0.084,13,45,0.289
201935,James Harden,1610612745,HOU,29.0,78,44,0.039,31,74,0.419,0.615,0.002,2,4,0.5,0.037,29,70,0.414
1626145,Tyus Jones,1610612750,MIN,23.0,68,45,0.166,27,74,0.365,0.534,0.013,2,6,0.333,0.152,25,68,0.368
1629021,Moritz Wagner,1610612747,LAL,22.0,43,35,0.438,21,74,0.284,0.426,0.006,0,1,0.0,0.432,21,73,0.288
203507,Giannis Antetokounmpo,1610612749,MIL,24.0,72,42,0.059,16,74,0.216,0.318,0.006,1,7,0.143,0.054,15,67,0.224
101112,Channing Frye,1610612739,CLE,36.0,36,28,0.629,29,73,0.397,0.589,0.043,1,5,0.2,0.586,28,68,0.412
1627885,Shaquille Harrison,1610612741,CHI,25.0,72,44,0.172,21,73,0.288,0.432,0.005,0,2,0.0,0.167,21,71,0.296
1628469,Antonio Blakeney,1610612741,CHI,22.0,57,35,0.182,29,72,0.403,0.59,0.02,2,8,0.25,0.162,27,64,0.422
203124,Kyle O'Quinn,1610612754,IND,29.0,45,32,0.526,30,71,0.423,0.43,0.444,29,60,0.483,0.081,1,11,0.091
200765,Rajon Rondo,1610612747,LAL,33.0,46,30,0.164,24,71,0.338,0.493,0.009,2,4,0.5,0.155,22,67,0.328
1628021,David Nwaba,1610612739,CLE,26.0,51,34,0.274,24,71,0.338,0.507,0.0,0,0,,0.274,24,71,0.338
1628984,Devonte' Graham,1610612766,CHA,24.0,46,34,0.329,23,71,0.324,0.486,0.005,0,1,0.0,0.324,23,70,0.329
202397,Ish Smith,1610612765,DET,30.0,56,40,0.145,23,71,0.324,0.479,0.006,1,3,0.333,0.139,22,68,0.324
1628978,Donte DiVincenzo,1610612749,MIL,22.0,27,25,0.573,20,71,0.282,0.423,0.016,0,2,0.0,0.556,20,69,0.29
202683,Enes Freedom,1610612757,POR,27.0,67,44,0.105,19,71,0.268,0.324,0.061,11,41,0.268,0.044,8,30,0.267
1627737,Marquese Chriss,1610612739,CLE,21.0,43,33,0.39,17,69,0.246,0.362,0.011,1,2,0.5,0.379,16,67,0.239
203922,Glenn Robinson III,1610612765,DET,25.0,47,30,0.389,21,68,0.309,0.434,0.051,4,9,0.444,0.337,17,59,0.288
203613,Jonathon Simmons,1610612755,PHI,29.0,54,36,0.201,18,68,0.265,0.39,0.006,1,2,0.5,0.195,17,66,0.258
202325,Wesley Johnson,1610612764,WAS,31.0,38,34,0.531,18,68,0.265,0.39,0.063,1,8,0.125,0.469,17,60,0.283
1627747,Caris LeVert,1610612751,BKN,24.0,40,34,0.141,18,68,0.265,0.397,0.004,0,2,0.0,0.137,18,66,0.273
204025,Tim Frazier,1610612749,MIL,28.0,59,40,0.257,31,67,0.463,0.672,0.015,3,4,0.75,0.241,28,63,0.444
1629019,Allonzo Trier,1610612752,NYK,23.0,63,39,0.13,29,66,0.439,0.659,0.0,0,0,,0.13,29,66,0.439
1628988,Aaron Holiday,1610612754,IND,22.0,50,31,0.248,25,65,0.385,0.577,0.0,0,0,,0.248,25,65,0.385
1626185,Jarell Martin,1610612753,ORL,25.0,41,30,0.625,23,65,0.354,0.508,0.115,3,12,0.25,0.51,20,53,0.377
201573,Jerryd Bayless,1610612750,MIN,30.0,34,27,0.283,22,65,0.338,0.492,0.017,2,4,0.5,0.265,20,61,0.328
1626147,Justin Anderson,1610612737,ATL,25.0,48,29,0.414,20,65,0.308,0.462,0.019,0,3,0.0,0.395,20,62,0.323
202688,Brandon Knight,1610612739,CLE,27.0,39,32,0.257,19,65,0.292,0.438,0.004,0,1,0.0,0.253,19,64,0.297
202355,Hassan Whiteside,1610612748,MIA,30.0,72,34,0.094,22,64,0.344,0.359,0.074,20,50,0.4,0.021,2,14,0.143
1627814,Damion Lee,1610612744,GSW,26.0,32,25,0.496,24,63,0.381,0.548,0.039,3,5,0.6,0.457,21,58,0.362
101108,Chris Paul,1610612745,HOU,34.0,58,41,0.086,27,62,0.435,0.637,0.006,2,4,0.5,0.081,25,58,0.431
202714,Shelvin Mack,1610612766,CHA,29.0,57,40,0.154,20,62,0.323,0.476,0.007,1,3,0.333,0.146,19,59,0.322
1627739,Kris Dunn,1610612741,CHI,25.0,45,37,0.124,18,62,0.29,0.427,0.006,1,3,0.333,0.118,17,59,0.288
201577,Robin Lopez,1610612741,CHI,31.0,73,46,0.117,18,62,0.29,0.347,0.059,11,31,0.355,0.059,7,31,0.226
1628975,Jevon Carter,1610612763,MEM,23.0,39,27,0.33,20,61,0.328,0.484,0.022,1,4,0.25,0.308,19,57,0.333
1628385,Harry Giles III,1610612758,SAC,21.0,58,34,0.167,23,58,0.397,0.397,0.149,23,52,0.442,0.017,0,6,0.0
203477,Isaiah Canaan,1610612749,MIL,28.0,30,24,0.354,20,58,0.345,0.517,0.0,0,0,,0.354,20,58,0.345
203957,Danté Exum,1610612762,UTA,23.0,41,29,0.245,18,58,0.31,0.457,0.004,1,1,1.0,0.241,17,57,0.298
1626166,Cameron Payne,1610612739,CLE,24.0,40,27,0.26,15,58,0.259,0.371,0.013,2,3,0.667,0.247,13,55,0.236
1626178,Rondae Hollis-Jefferson,1610612751,BKN,24.0,59,37,0.119,11,58,0.19,0.267,0.029,2,14,0.143,0.09,9,44,0.205
1626155,Sam Dekker,1610612764,WAS,25.0,46,27,0.233,17,57,0.298,0.439,0.033,1,8,0.125,0.2,16,49,0.327
1628972,Troy Brown Jr.,1610612764,WAS,19.0,51,30,0.252,17,57,0.298,0.447,0.018,0,4,0.0,0.235,17,53,0.321
2225,Tony Parker,1610612766,CHA,37.0,56,37,0.119,17,55,0.309,0.427,0.024,4,11,0.364,0.095,13,44,0.295
204456,T.J. McConnell,1610612755,PHI,27.0,75,34,0.128,23,53,0.434,0.566,0.041,9,17,0.529,0.087,14,36,0.389
1629010,Jerome Robinson,1610612746,LAC,22.0,33,27,0.482,18,53,0.34,0.462,0.064,5,7,0.714,0.418,13,46,0.283
2546,Carmelo Anthony,1610612745,HOU,35.0,10,10,0.438,18,53,0.34,0.491,0.017,2,2,1.0,0.421,16,51,0.314
202323,Evan Turner,1610612757,POR,30.0,73,34,0.12,12,53,0.226,0.321,0.018,2,8,0.25,0.102,10,45,0.222
201584,Courtney Lee,1610612742,DAL,33.0,34,23,0.395,15,51,0.294,0.422,0.039,2,5,0.4,0.357,13,46,0.283
1628966,Keita Bates-Diop,1610612750,MIN,23.0,30,21,0.359,14,51,0.275,0.402,0.007,1,1,1.0,0.352,13,50,0.26
1628389,Bam Adebayo,1610612748,MIA,21.0,82,35,0.105,12,51,0.235,0.245,0.082,11,40,0.275,0.023,1,11,0.091
1628407,Dwayne Bacon,1610612766,CHA,23.0,43,22,0.195,22,50,0.44,0.66,0.004,0,1,0.0,0.191,22,49,0.449
1626195,Willy Hernangomez,1610612766,CHA,25.0,58,37,0.169,18,50,0.36,0.5,0.044,4,13,0.308,0.125,14,37,0.378
203098,John Jenkins,1610612752,NYK,28.0,26,21,0.476,18,50,0.36,0.51,0.038,3,4,0.75,0.438,15,46,0.326
1627767,Cheick Diallo,1610612740,NOP,22.0,64,31,0.185,18,50,0.36,0.37,0.17,17,46,0.37,0.015,1,4,0.25
200826,J.J. Barea,1610612742,DAL,35.0,38,30,0.13,13,50,0.26,0.38,0.008,1,3,0.333,0.122,12,47,0.255
1629244,Cam Reynolds,1610612750,MIN,24.0,19,17,0.628,19,49,0.388,0.582,0.013,0,1,0.0,0.615,19,48,0.396
1626161,Willie Cauley-Stein,1610612758,SAC,25.0,81,37,0.066,18,49,0.367,0.378,0.065,17,48,0.354,0.001,1,1,1.0
203083,Andre Drummond,1610612765,DET,25.0,79,38,0.047,14,49,0.286,0.316,0.024,11,25,0.44,0.023,3,24,0.125
1628386,Jarrett Allen,1610612751,BKN,21.0,80,36,0.086,6,49,0.122,0.184,0.007,0,4,0.0,0.079,6,45,0.133
1629121,Jaylen Adams,1610612737,ATL,23.0,34,26,0.436,17,48,0.354,0.531,0.0,0,0,,0.436,17,48,0.354
1628990,Chandler Hutchison,1610612741,CHI,23.0,44,32,0.23,14,48,0.292,0.438,0.0,0,0,,0.23,14,48,0.292
203457,Nerlens Noel,1610612760,OKC,25.0,76,30,0.168,17,46,0.37,0.37,0.168,17,46,0.37,0.0,0,0,
203500,Steven Adams,1610612760,OKC,25.0,79,27,0.057,19,45,0.422,0.422,0.054,19,43,0.442,0.003,0,2,0.0
101109,Raymond Felton,1610612760,OKC,35.0,33,23,0.333,17,45,0.378,0.567,0.007,0,1,0.0,0.326,17,44,0.386
2736,Luol Deng,1610612750,MIN,34.0,22,20,0.373,16,44,0.364,0.523,0.042,2,5,0.4,0.331,14,39,0.359
101161,Amir Johnson,1610612755,PHI,32.0,51,28,0.28,13,44,0.295,0.432,0.025,1,4,0.25,0.255,12,40,0.3
203526,Raul Neto,1610612762,UTA,27.0,37,27,0.269,15,43,0.349,0.523,0.006,0,1,0.0,0.263,15,42,0.357
1627786,Troy Williams,1610612758,SAC,24.0,21,19,0.439,14,43,0.326,0.488,0.02,0,2,0.0,0.418,14,41,0.341
1629003,Shake Milton,1610612755,PHI,22.0,20,18,0.483,14,42,0.333,0.488,0.023,1,2,0.5,0.46,13,40,0.325
1628397,Ivan Rabb,1610612763,MEM,22.0,49,21,0.198,11,42,0.262,0.298,0.127,8,27,0.296,0.071,3,15,0.2
203937,Kyle Anderson,1610612763,MEM,25.0,43,27,0.149,14,41,0.341,0.439,0.04,6,11,0.545,0.109,8,30,0.267
1628417,Jaron Blossomgame,1610612739,CLE,25.0,27,17,0.383,12,41,0.293,0.415,0.037,2,4,0.5,0.346,10,37,0.27
201952,Jeff Teague,1610612750,MIN,31.0,42,27,0.096,15,40,0.375,0.563,0.0,0,0,,0.096,15,40,0.375
201147,Corey Brewer,1610612758,SAC,33.0,31,23,0.325,14,40,0.35,0.525,0.016,0,2,0.0,0.309,14,38,0.368
101181,Jose Calderon,1610612765,DET,37.0,49,26,0.325,11,39,0.282,0.423,0.0,0,0,,0.325,11,39,0.282
201580,JaVale McGee,1610612747,LAL,31.0,75,27,0.061,10,39,0.256,0.269,0.042,9,27,0.333,0.019,1,12,0.083
201583,Ryan Anderson,1610612748,MIA,31.0,25,17,0.551,9,38,0.237,0.355,0.0,0,0,,0.551,9,38,0.237
1627740,Henry Ellenson,1610612752,NYK,22.0,19,15,0.389,18,37,0.486,0.676,0.053,4,5,0.8,0.337,14,32,0.438
2585,Zaza Pachulia,1610612765,DET,35.0,68,27,0.192,12,37,0.324,0.324,0.187,12,36,0.333,0.005,0,1,0.0
201160,Jason Smith,1610612740,NOP,33.0,20,18,0.627,11,37,0.297,0.419,0.186,2,11,0.182,0.441,9,26,0.346
1626172,Kevon Looney,1610612744,GSW,23.0,80,30,0.105,16,36,0.444,0.458,0.084,15,29,0.517,0.02,1,7,0.143
203463,Ben McLemore,1610612758,SAC,26.0,19,15,0.563,13,36,0.361,0.542,0.047,0,3,0.0,0.516,13,33,0.394
1628388,T.J. Leaf,1610612754,IND,22.0,58,29,0.197,9,36,0.25,0.361,0.027,1,5,0.2,0.169,8,31,0.258
1628415,Dillon Brooks,1610612763,MEM,23.0,18,13,0.287,14,35,0.4,0.586,0.033,1,4,0.25,0.254,13,31,0.419
202720,Jon Leuer,1610612765,DET,30.0,41,23,0.307,12,35,0.343,0.357,0.202,11,23,0.478,0.105,1,12,0.083
2200,Pau Gasol,1610612749,MIL,38.0,30,23,0.362,15,34,0.441,0.529,0.223,9,21,0.429,0.138,6,13,0.462
201956,Omri Casspi,1610612763,MEM,31.0,36,21,0.211,14,34,0.412,0.618,0.0,0,0,,0.211,14,34,0.412
1628449,Chris Boucher,1610612761,TOR,26.0,28,23,0.447,11,34,0.324,0.485,0.0,0,0,,0.447,11,34,0.324
1629541,Dairis Bertans,1610612740,NOP,29.0,12,10,0.723,10,34,0.294,0.426,0.085,1,4,0.25,0.638,9,30,0.3
1626257,Salah Mejri,1610612742,DAL,33.0,36,19,0.295,8,33,0.242,0.364,0.063,0,7,0.0,0.232,8,26,0.308
1627824,Guerschon Yabusele,1610612738,BOS,23.0,41,19,0.416,11,32,0.344,0.484,0.065,2,5,0.4,0.351,9,27,0.333
1628515,Isaiah Briscoe,1610612753,ORL,23.0,39,22,0.232,10,32,0.313,0.469,0.014,0,2,0.0,0.217,10,30,0.333
1629017,Khyri Thomas,1610612765,DET,23.0,26,18,0.464,10,32,0.313,0.469,0.0,0,0,,0.464,10,32,0.313
1626246,Boban Marjanović,1610612755,PHI,30.0,58,21,0.119,14,31,0.452,0.516,0.081,10,21,0.476,0.038,4,10,0.4
1629130,Duncan Robinson,1610612748,MIA,25.0,15,11,0.674,10,31,0.323,0.468,0.022,1,1,1.0,0.652,9,30,0.3
1627936,Alex Caruso,1610612747,LAL,25.0,25,13,0.175,13,30,0.433,0.65,0.012,0,2,0.0,0.164,13,28,0.464
2403,Nene,1610612745,HOU,36.0,42,23,0.259,12,30,0.4,0.4,0.25,12,29,0.414,0.009,0,1,0.0
202738,Isaiah Thomas,1610612743,DEN,30.0,12,11,0.309,8,30,0.267,0.367,0.041,2,4,0.5,0.268,6,26,0.231
101162,Marcin Gortat,1610612746,LAC,35.0,47,22,0.156,12,29,0.414,0.414,0.156,12,29,0.414,0.0,0,0,
203089,John Henson,1610612739,CLE,28.0,14,13,0.433,11,29,0.379,0.569,0.0,0,0,,0.433,11,29,0.379
1626158,Richaun Holmes,1610612756,PHX,25.0,70,22,0.079,8,29,0.276,0.276,0.079,8,29,0.276,0.0,0,0,
1628395,Jordan Bell,1610612744,GSW,24.0,68,24,0.153,8,29,0.276,0.276,0.148,8,28,0.286,0.005,0,1,0.0
1629033,Theo Pinson,1610612751,BKN,23.0,18,12,0.397,8,29,0.276,0.414,0.014,0,1,0.0,0.384,8,28,0.286
1627790,Ante Zizic,1610612739,CLE,22.0,59,20,0.087,11,28,0.393,0.393,0.087,11,28,0.393,0.0,0,0,
2747,JR Smith,1610612739,CLE,33.0,11,9,0.354,10,28,0.357,0.536,0.013,0,1,0.0,0.342,10,27,0.37
1627883,Jalen Jones,1610612739,CLE,26.0,16,10,0.435,10,27,0.37,0.556,0.0,0,0,,0.435,10,27,0.37
203469,Cody Zeller,1610612766,CHA,26.0,49,20,0.078,8,27,0.296,0.389,0.023,3,8,0.375,0.055,5,19,0.263
202954,Brad Wanamaker,1610612738,BOS,29.0,36,17,0.248,10,26,0.385,0.577,0.01,0,1,0.0,0.238,10,25,0.4
202705,MarShon Brooks,1610612763,MEM,30.0,29,16,0.154,9,26,0.346,0.481,0.018,2,3,0.667,0.136,7,23,0.304
1629126,Deonte Burton,1610612760,OKC,25.0,32,16,0.317,8,26,0.308,0.462,0.012,0,1,0.0,0.305,8,25,0.32
202702,Kenneth Faried,1610612745,HOU,29.0,37,17,0.094,11,25,0.44,0.6,0.011,3,3,1.0,0.083,8,22,0.364
1626174,Christian Wood,1610612740,NOP,23.0,21,11,0.214,10,25,0.4,0.58,0.009,1,1,1.0,0.205,9,24,0.375
1627775,Patrick McCaw,1610612761,TOR,23.0,29,20,0.397,9,25,0.36,0.54,0.0,0,0,,0.397,9,25,0.36
203487,Michael Carter-Williams,1610612753,ORL,27.0,28,16,0.203,7,25,0.28,0.42,0.0,0,0,,0.203,7,25,0.28
1627395,Julian Washburn,1610612763,MEM,27.0,18,13,0.521,7,25,0.28,0.38,0.083,2,4,0.5,0.438,5,21,0.238
1628977,Hamidou Diallo,1610612760,OKC,20.0,50,21,0.152,5,25,0.2,0.28,0.006,1,1,1.0,0.146,4,24,0.167
1628443,Kadeem Allen,1610612752,NYK,26.0,19,16,0.171,13,24,0.542,0.813,0.007,0,1,0.0,0.164,13,23,0.565
1627816,Alex Poythress,1610612737,ATL,25.0,21,15,0.296,9,24,0.375,0.563,0.025,0,2,0.0,0.272,9,22,0.409
1629102,Brandon Sampson,1610612741,CHI,22.0,14,12,0.4,9,24,0.375,0.563,0.0,0,0,,0.4,9,24,0.375
1628410,Edmond Sumner,1610612754,IND,23.0,23,11,0.375,6,24,0.25,0.375,0.016,0,1,0.0,0.359,6,23,0.261
1627772,Daniel Hamilton,1610612737,ATL,23.0,19,12,0.35,8,21,0.381,0.571,0.0,0,0,,0.35,8,21,0.381
1626149,Montrezl Harrell,1610612746,LAC,25.0,82,17,0.024,8,21,0.381,0.429,0.017,6,15,0.4,0.007,2,6,0.333
203263,James Nunnally,1610612745,HOU,28.0,15,7,0.618,8,21,0.381,0.571,0.0,0,0,,0.618,8,21,0.381
1626259,Malcolm Miller,1610612761,TOR,26.0,10,9,0.769,10,20,0.5,0.75,0.0,0,0,,0.769,10,20,0.5
1627781,Malachi Richardson,1610612761,TOR,23.0,22,12,0.69,6,20,0.3,0.45,0.0,0,0,,0.69,6,20,0.3
1629061,Deng Adel,1610612739,CLE,22.0,19,10,0.556,6,20,0.3,0.45,0.0,0,0,,0.556,6,20,0.3
203895,Jordan McRae,1610612764,WAS,28.0,27,12,0.159,5,20,0.25,0.375,0.008,0,1,0.0,0.151,5,19,0.263
1628462,Milos Teodosic,1610612746,LAC,32.0,15,13,0.475,7,19,0.368,0.553,0.0,0,0,,0.475,7,19,0.368
201975,Jodie Meeks,1610612761,TOR,31.0,8,7,0.487,7,19,0.368,0.553,0.051,0,2,0.0,0.436,7,17,0.412
1627820,Tyrone Wallace,1610612746,LAC,25.0,62,16,0.088,6,19,0.316,0.421,0.009,2,2,1.0,0.078,4,17,0.235
2733,Shaun Livingston,1610612744,GSW,33.0,64,17,0.086,11,18,0.611,0.611,0.076,11,16,0.688,0.01,0,2,0.0
201585,Kosta Koufos,1610612758,SAC,30.0,42,15,0.118,10,18,0.556,0.556,0.118,10,18,0.556,0.0,0,0,
1629094,Marcus Derrickson,1610612744,GSW,23.0,11,7,0.545,8,18,0.444,0.639,0.061,1,2,0.5,0.485,7,16,0.438
202687,Bismack Biyombo,1610612766,CHA,26.0,54,14,0.115,7,18,0.389,0.389,0.115,7,18,0.389,0.0,0,0,
1629014,Anfernee Simons,1610612757,POR,20.0,20,11,0.286,5,18,0.278,0.417,0.0,0,0,,0.286,5,18,0.278
1627826,Ivica Zubac,1610612746,LAC,22.0,59,14,0.047,5,18,0.278,0.278,0.047,5,18,0.278,0.0,0,0,
1629139,Yuta Watanabe,1610612763,MEM,24.0,15,10,0.333,4,17,0.235,0.294,0.059,2,3,0.667,0.275,2,14,0.143
2617,Udonis Haslem,1610612748,MIA,39.0,10,5,0.515,4,17,0.235,0.235,0.212,4,7,0.571,0.303,0,10,0.0
1629045,Bonzie Colson,1610612749,MIL,23.0,8,4,0.436,4,17,0.235,0.353,0.0,0,0,,0.436,4,17,0.235
101133,Ian Mahinmi,1610612764,WAS,32.0,33,12,0.162,3,17,0.176,0.265,0.01,0,1,0.0,0.152,3,16,0.188
201563,Michael Beasley,1610612747,LAL,30.0,26,12,0.111,3,17,0.176,0.235,0.026,1,4,0.25,0.085,2,13,0.154
1628365,Markelle Fultz,1610612753,ORL,21.0,19,11,0.103,2,16,0.125,0.188,0.032,0,5,0.0,0.071,2,11,0.182
203112,Quincy Acy,1610612756,PHX,28.0,10,8,0.889,2,16,0.125,0.188,0.056,0,1,0.0,0.833,2,15,0.133
203485,Lorenzo Brown,1610612761,TOR,28.0,26,9,0.217,4,15,0.267,0.4,0.0,0,0,,0.217,4,15,0.267
1628980,Jacob Evans,1610612744,GSW,22.0,30,8,0.288,4,15,0.267,0.4,0.0,0,0,,0.288,4,15,0.267
1626245,Cristiano Felicio,1610612741,CHI,26.0,60,14,0.084,4,15,0.267,0.267,0.067,4,12,0.333,0.017,0,3,0.0
1628414,Sindarius Thornwell,1610612746,LAC,24.0,64,11,0.306,3,15,0.2,0.3,0.0,0,0,,0.306,3,15,0.2
1627751,Jakob Poeltl,1610612759,SAS,23.0,77,11,0.048,8,14,0.571,0.571,0.048,8,14,0.571,0.0,0,0,
202347,Quincy Pondexter,1610612759,SAS,31.0,53,12,0.241,5,14,0.357,0.536,0.0,0,0,,0.241,5,14,0.357
203486,Mason Plumlee,1610612743,DEN,29.0,82,14,0.032,5,14,0.357,0.429,0.018,3,8,0.375,0.014,2,6,0.333
203960,JaKarr Sampson,1610612741,CHI,26.0,4,4,0.264,5,14,0.357,0.536,0.0,0,0,,0.264,5,14,0.357
201149,Joakim Noah,1610612763,MEM,34.0,42,13,0.066,3,14,0.214,0.214,0.061,3,13,0.231,0.005,0,1,0.0
1628412,Frank Mason III,1610612758,SAC,25.0,38,11,0.083,2,14,0.143,0.214,0.0,0,0,,0.083,2,14,0.143
1629015,Zhaire Smith,1610612755,PHI,20.0,6,5,0.382,4,13,0.308,0.462,0.029,0,1,0.0,0.353,4,12,0.333
1629353,Isaac Humphries,1610612737,ATL,21.0,5,4,0.619,3,13,0.231,0.346,0.095,0,2,0.0,0.524,3,11,0.273
1626150,Andrew Harrison,1610612740,NOP,24.0,17,8,0.245,3,13,0.231,0.346,0.0,0,0,,0.245,3,13,0.231
202328,Greg Monroe,1610612755,PHI,29.0,43,11,0.069,2,13,0.154,0.192,0.042,1,8,0.125,0.026,1,5,0.2
1629118,Thomas Welsh,1610612743,DEN,23.0,11,4,0.846,6,11,0.545,0.682,0.308,3,4,0.75,0.538,3,7,0.429
203710,C.J. Williams,1610612750,MIN,29.0,15,8,0.314,3,11,0.273,0.409,0.0,0,0,,0.314,3,11,0.273
1629123,Jared Terrell,1610612750,MIN,24.0,14,9,0.289,1,11,0.091,0.136,0.0,0,0,,0.289,1,11,0.091
1628403,Caleb Swanigan,1610612758,SAC,22.0,21,6,0.208,1,11,0.091,0.136,0.075,0,4,0.0,0.132,1,7,0.143
1629018,Gary Trent Jr.,1610612757,POR,20.0,15,4,0.2,2,10,0.2,0.3,0.0,0,0,,0.2,2,10,0.2
1626143,Jahlil Okafor,1610612740,NOP,23.0,59,8,0.028,1,10,0.1,0.15,0.019,0,7,0.0,0.008,1,3,0.333
1627758,Ron Baker,1610612764,WAS,26.0,15,7,0.5,1,10,0.1,0.15,0.0,0,0,,0.5,1,10,0.1
1628399,Tyler Lydon,1610612743,DEN,23.0,25,5,0.5,4,9,0.444,0.667,0.0,0,0,,0.5,4,9,0.444
1627746,Skal Labissiere,1610612757,POR,23.0,22,5,0.184,4,9,0.444,0.667,0.0,0,0,,0.184,4,9,0.444
1629022,Lonnie Walker IV,1610612759,SAS,20.0,17,5,0.196,3,9,0.333,0.5,0.0,0,0,,0.196,3,9,0.333
1628408,PJ Dozier,1610612738,BOS,22.0,6,3,0.429,2,9,0.222,0.333,0.048,0,1,0.0,0.381,2,8,0.25
1628959,Rawle Alkins,1610612741,CHI,21.0,10,5,0.205,3,8,0.375,0.563,0.0,0,0,,0.205,3,8,0.375
1629168,BJ Johnson,1610612758,SAC,23.0,7,4,0.444,3,8,0.375,0.563,0.056,0,1,0.0,0.389,3,7,0.429
1629203,Jemerrio Jones,1610612747,LAL,24.0,6,4,0.25,2,8,0.25,0.375,0.0,0,0,,0.25,2,8,0.25
1629002,Chimezie Metu,1610612759,SAS,22.0,29,7,0.138,0,8,0.0,0.0,0.103,0,6,0.0,0.034,0,2,0.0
202690,Jimmer Fredette,1610612756,PHX,30.0,6,3,0.276,0,8,0.0,0.0,0.0,0,0,,0.276,0,8,0.0
1629067,Isaac Bonga,1610612747,LAL,19.0,22,7,0.25,0,8,0.0,0.0,0.094,0,3,0.0,0.156,0,5,0.0
2730,Dwight Howard,1610612764,WAS,33.0,9,4,0.103,3,7,0.429,0.429,0.103,3,7,0.429,0.0,0,0,
1626154,RJ Hunter,1610612738,BOS,25.0,1,1,0.538,3,7,0.429,0.643,0.0,0,0,,0.538,3,7,0.429
1629058,Dzanan Musa,1610612751,BKN,20.0,9,5,0.318,1,7,0.143,0.214,0.0,0,0,,0.318,1,7,0.143
1628392,Isaiah Hartenstein,1610612745,HOU,21.0,28,5,0.146,2,6,0.333,0.5,0.0,0,0,,0.146,2,6,0.333
201156,Nick Young,1610612743,DEN,34.0,4,4,0.667,2,6,0.333,0.5,0.0,0,0,,0.667,2,6,0.333
1629140,Johnathan Williams,1610612747,LAL,24.0,24,5,0.056,2,6,0.333,0.333,0.047,2,5,0.4,0.009,0,1,0.0
201599,DeAndre Jordan,1610612752,NYK,30.0,69,6,0.013,1,6,0.167,0.167,0.013,1,6,0.167,0.0,0,0,
1628405,Johnathan Motley,1610612746,LAC,24.0,22,3,0.082,1,6,0.167,0.167,0.041,1,3,0.333,0.041,0,3,0.0
203920,Khem Birch,1610612753,ORL,26.0,50,6,0.04,0,6,0.0,0.0,0.033,0,5,0.0,0.007,0,1,0.0
1627743,Demetrius Jackson,1610612755,PHI,24.0,6,2,0.333,2,5,0.4,0.6,0.0,0,0,,0.333,2,5,0.4
1627215,Walt Lemon Jr.,1610612741,CHI,26.0,6,3,0.059,2,5,0.4,0.6,0.0,0,0,,0.059,2,5,0.4
1627745,Damian Jones,1610612744,GSW,24.0,24,4,0.068,2,5,0.4,0.4,0.068,2,5,0.4,0.0,0,0,
203497,Rudy Gobert,1610612762,UTA,27.0,80,5,0.007,1,5,0.2,0.2,0.007,1,5,0.2,0.0,0,0,
1627732,Ben Simmons,1610612755,PHI,22.0,78,5,0.005,1,5,0.2,0.2,0.004,1,4,0.25,0.001,0,1,0.0
1628463,Tyler Cavanaugh,1610612762,UTA,25.0,11,4,0.5,1,5,0.2,0.3,0.0,0,0,,0.5,1,5,0.2
1628982,Melvin Frazier Jr.,1610612753,ORL,22.0,10,4,0.238,0,5,0.0,0.0,0.0,0,0,,0.238,0,5,0.0
1628656,Billy Garrett,1610612752,NYK,24.0,4,4,0.2,0,5,0.0,0.0,0.0,0,0,,0.2,0,5,0.0
201601,Luc Mbah a Moute,1610612746,LAC,32.0,4,4,0.222,2,4,0.5,0.75,0.0,0,0,,0.222,2,4,0.5
1628432,Davon Reed,1610612754,IND,24.0,10,2,0.333,2,4,0.5,0.75,0.0,0,0,,0.333,2,4,0.5
1629164,Brandon Goodwin,1610612743,DEN,23.0,16,4,0.174,2,4,0.5,0.75,0.0,0,0,,0.174,2,4,0.5
1629312,Haywood Highsmith,1610612755,PHI,22.0,5,3,0.4,1,4,0.25,0.375,0.0,0,0,,0.4,1,4,0.25
1627738,Deyonta Davis,1610612737,ATL,22.0,9,4,0.182,1,4,0.25,0.25,0.136,1,3,0.333,0.045,0,1,0.0
1629034,Ray Spalding,1610612756,PHX,22.0,14,4,0.085,1,4,0.25,0.25,0.021,1,1,1.0,0.064,0,3,0.0
202684,Tristan Thompson,1610612739,CLE,28.0,43,4,0.011,1,4,0.25,0.25,0.011,1,4,0.25,0.0,0,0,
1629053,Vincent Edwards,1610612745,HOU,23.0,2,2,1.0,1,4,0.25,0.375,0.0,0,0,,1.0,1,4,0.25
1626210,Alan Williams,1610612751,BKN,26.0,5,3,0.308,1,4,0.25,0.25,0.231,1,3,0.333,0.077,0,1,0.0
1628070,Jordan Loyd,1610612761,TOR,25.0,12,3,0.222,1,4,0.25,0.375,0.0,0,0,,0.222,1,4,0.25
1628513,Naz Mitrou-Long,1610612762,UTA,25.0,14,4,0.2,0,4,0.0,0.0,0.0,0,0,,0.2,0,4,0.0
1629122,J.P. Macura,1610612766,CHA,24.0,2,1,0.444,0,4,0.0,0.0,0.0,0,0,,0.444,0,4,0.0
1628605,Dusty Hannahs,1610612763,MEM,25.0,2,2,0.333,0,4,0.0,0.0,0.0,0,0,,0.333,0,4,0.0
201281,Andre Ingram,1610612747,LAL,33.0,4,2,0.667,0,4,0.0,0.0,0.167,0,1,0.0,0.5,0,3,0.0
1629133,Daryl Macon,1610612742,DAL,23.0,8,1,0.111,2,3,0.667,1.0,0.0,0,0,,0.111,2,3,0.667
1628421,Devin Robinson,1610612764,WAS,24.0,7,2,0.094,1,3,0.333,0.333,0.031,1,1,1.0,0.063,0,2,0.0
1628537,Jaylen Morris,1610612749,MIL,23.0,4,2,0.3,1,3,0.333,0.5,0.0,0,0,,0.3,1,3,0.333
1629011,Mitchell Robinson,1610612752,NYK,21.0,65,3,0.01,1,3,0.333,0.333,0.01,1,3,0.333,0.0,0,0,
1628993,Alize Johnson,1610612754,IND,23.0,14,3,0.2,1,3,0.333,0.5,0.067,0,1,0.0,0.133,1,2,0.5
202327,Ekpe Udoh,1610612762,UTA,32.0,51,3,0.042,1,3,0.333,0.333,0.042,1,3,0.333,0.0,0,0,
1628383,Justin Patton,1610612755,PHI,22.0,3,2,0.429,0,3,0.0,0.0,0.143,0,1,0.0,0.286,0,2,0.0
203991,Clint Capela,1610612745,HOU,25.0,67,3,0.004,0,3,0.0,0.0,0.004,0,3,0.0,0.0,0,0,
1627735,Wade Baldwin IV,1610612757,POR,23.0,16,3,0.091,0,3,0.0,0.0,0.0,0,0,,0.091,0,3,0.0
1628505,Troy Caupain,1610612753,ORL,23.0,4,2,0.25,1,2,0.5,0.75,0.0,0,0,,0.25,1,2,0.5
1627780,Gary Payton II,1610612764,WAS,26.0,3,1,0.25,1,2,0.5,0.75,0.0,0,0,,0.25,1,2,0.5
1629185,Chris Chiozza,1610612745,HOU,23.0,7,1,0.25,1,2,0.5,0.75,0.0,0,0,,0.25,1,2,0.5
203093,Terrence Jones,1610612745,HOU,27.0,2,1,0.5,0,2,0.0,0.0,0.0,0,0,,0.5,0,2,0.0
1629055,Donte Grantham,1610612760,OKC,24.0,3,2,1.0,0,2,0.0,0.0,0.0,0,0,,1.0,0,2,0.0
1627855,Okaro White,1610612764,WAS,26.0,3,2,1.0,0,2,0.0,0.0,0.0,0,0,,1.0,0,2,0.0
1629152,DeVaughn Akoon-Purcell,1610612743,DEN,26.0,7,2,0.2,0,2,0.0,0.0,0.1,0,1,0.0,0.1,0,1,0.0
2199,Tyson Chandler,1610612747,LAL,36.0,55,2,0.02,0,2,0.0,0.0,0.01,0,1,0.0,0.01,0,1,0.0
1628249,Mitchell Creek,1610612750,MIN,27.0,5,2,0.125,0,2,0.0,0.0,0.0,0,0,,0.125,0,2,0.0
1626296,Jordan Sibert,1610612737,ATL,26.0,1,1,1.0,1,1,1.0,1.5,0.0,0,0,,1.0,1,1,1.0
1628979,Trevon Duval,1610612745,HOU,20.0,3,1,0.333,1,1,1.0,1.5,0.0,0,0,,0.333,1,1,1.0
203961,Eric Moreland,1610612761,TOR,27.0,5,1,0.143,1,1,1.0,1.5,0.0,0,0,,0.143,1,1,1.0
202700,Donatas Motiejunas,1610612759,SAS,28.0,3,1,0.167,1,1,1.0,1.0,0.167,1,1,1.0,0.0,0,0,
1629155,Zach Lofton,1610612765,DET,26.0,1,1,1.0,0,1,0.0,0.0,0.0,0,0,,1.0,0,1,0.0
1628769,Tahjere McCall,1610612751,BKN,24.0,1,1,0.333,0,1,0.0,0.0,0.0,0,0,,0.333,0,1,0.0
1628387,Ike Anigbogu,1610612754,IND,20.0,3,1,0.333,0,1,0.0,0.0,0.333,0,1,0.0,0.0,0,0,
1628393,Jawun Evans,1610612760,OKC,22.0,8,1,0.071,0,1,0.0,0.0,0.0,0,0,,0.071,0,1,0.0
202334,Ed Davis,1610612751,BKN,30.0,81,1,0.003,0,1,0.0,0.0,0.003,0,1,0.0,0.0,0,0,
101106,Andrew Bogut,1610612744,GSW,34.0,11,1,0.033,0,1,0.0,0.0,0.033,0,1,0.0,0.0,0,0,
203092,Tyler Zeller,1610612763,MEM,29.0,6,1,0.034,0,1,0.0,0.0,0.0,0,0,,0.034,0,1,0.0
203101,Miles Plumlee,1610612737,ATL,30.0,18,1,0.021,0,1,0.0,0.0,0.021,0,1,0.0,0.0,0,0,
1629057,Robert Williams III,1610612738,BOS,21.0,32,1,0.02,0,1,0.0,0.0,0.02,0,1,0.0,0.0,0,0,
1629020,Jarred Vanderbilt,1610612743,DEN,20.0,17,1,0.056,0,1,0.0,0.0,0.0,0,0,,0.056,0,1,0.0
