team_id,team_name,team,gp,g,fga_frequency,fgm,fga,fg_pct,efg_pct,fg2a_frequency,fg2m,fg2a,fg2_pct,fg3a_frequency,fg3m,fg3a,fg3_pct
1610612763,Memphis Grizzlies,MEM,81,81,1.0,3523,7640,0.461,0.522,0.654,2588,4993,0.518,0.346,935,2647,0.353
1610612759,San Antonio Spurs,SAS,82,82,1.0,3546,7599,0.467,0.528,0.655,2621,4975,0.527,0.345,925,2624,0.353
1610612761,Toronto Raptors,TOR,82,82,1.0,3332,7488,0.445,0.51,0.625,2353,4680,0.503,0.375,979,2808,0.349
1610612750,Minnesota Timberwolves,MIN,82,82,1.0,3410,7458,0.457,0.538,0.546,2199,4071,0.54,0.454,1211,3387,0.358
1610612766,Charlotte Hornets,CHA,81,81,1.0,3465,7407,0.468,0.544,0.582,2333,4312,0.541,0.418,1132,3095,0.366
1610612754,Indiana Pacers,IND,82,82,1.0,3398,7337,0.463,0.531,0.605,2401,4437,0.541,0.395,997,2900,0.344
1610612749,Milwaukee Bucks,MIL,82,82,1.0,3429,7330,0.468,0.546,0.57,2276,4179,0.545,0.43,1153,3151,0.366
1610612760,Oklahoma City Thunder,OKC,82,82,1.0,3140,7306,0.43,0.498,0.58,2149,4240,0.507,0.42,991,3066,0.323
1610612747,Los Angeles Lakers,LAL,82,82,1.0,3414,7277,0.469,0.537,0.612,2432,4450,0.547,0.388,982,2827,0.347
1610612756,Phoenix Suns,PHX,81,81,1.0,3534,7275,0.486,0.55,0.645,2593,4692,0.553,0.355,941,2583,0.364
1610612751,Brooklyn Nets,BKN,82,82,1.0,3442,7250,0.475,0.54,0.641,2502,4648,0.538,0.359,940,2602,0.361
1610612737,Atlanta Hawks,ATL,82,82,1.0,3401,7239,0.47,0.543,0.61,2345,4417,0.531,0.39,1056,2822,0.374
1610612753,Orlando Magic,ORL,82,82,1.0,3136,7239,0.433,0.502,0.583,2140,4221,0.507,0.417,996,3018,0.33
1610612765,Detroit Pistons,DET,81,81,1.0,3095,7169,0.432,0.496,0.61,2180,4376,0.498,0.39,915,2793,0.328
1610612757,Portland Trail Blazers,POR,82,82,1.0,3161,7144,0.442,0.515,0.578,2118,4127,0.513,0.422,1043,3017,0.346
1610612758,Sacramento Kings,SAC,81,81,1.0,3272,7131,0.459,0.523,0.625,2357,4456,0.529,0.375,915,2675,0.342
1610612741,Chicago Bulls,CHI,82,82,1.0,3422,7126,0.48,0.541,0.668,2550,4762,0.535,0.332,872,2364,0.369
1610612740,New Orleans Pelicans,NOP,81,81,1.0,3258,7126,0.457,0.518,0.636,2393,4532,0.528,0.364,865,2594,0.333
1610612738,Boston Celtics,BOS,81,81,1.0,3303,7085,0.466,0.542,0.577,2235,4086,0.547,0.423,1068,2999,0.356
1610612745,Houston Rockets,HOU,82,82,1.0,3229,7083,0.456,0.534,0.553,2124,3914,0.543,0.447,1105,3169,0.349
1610612743,Denver Nuggets,DEN,82,82,1.0,3416,7078,0.483,0.556,0.584,2377,4134,0.575,0.416,1039,2944,0.353
1610612746,LA Clippers,LAC,81,81,1.0,3254,7076,0.46,0.533,0.608,2213,4304,0.514,0.392,1041,2772,0.376
1610612762,Utah Jazz,UTA,82,82,1.0,3326,7068,0.471,0.555,0.532,2134,3760,0.568,0.468,1192,3308,0.36
1610612764,Washington Wizards,WAS,82,82,1.0,3323,7047,0.472,0.533,0.644,2463,4537,0.543,0.356,860,2510,0.343
1610612744,Golden State Warriors,GSW,81,81,1.0,3285,6994,0.47,0.553,0.543,2116,3800,0.557,0.457,1169,3194,0.366
1610612742,Dallas Mavericks,DAL,82,82,1.0,3222,6983,0.461,0.538,0.562,2149,3921,0.548,0.438,1073,3062,0.35
1610612752,New York Knicks,NYK,81,81,1.0,3046,6972,0.437,0.513,0.571,1983,3983,0.498,0.429,1063,2989,0.356
1610612748,Miami Heat,MIA,82,82,1.0,3242,6951,0.466,0.547,0.578,2128,4015,0.53,0.422,1114,2936,0.379
1610612739,Cleveland Cavaliers,CLE,82,82,1.0,3252,6935,0.469,0.538,0.613,2300,4253,0.541,0.387,952,2682,0.355
1610612755,Philadelphia 76ers,PHI,82,82,1.0,3230,6932,0.466,0.534,0.624,2280,4324,0.527,0.376,950,2608,0.364
