PLAYER_ID,PLAYER_NAME,PLAYER_LAST_TEAM_ID,PLAYER_LAST_TEAM_ABBREVIATION,AGE,GP,G,FGA_FREQUENCY,FGM,FGA,FG_PCT,EFG_PCT,FG2A_FREQUENCY,FG2M,FG2A,FG2_PCT,FG3A_FREQUENCY,FG3M,FG3A,FG3_PCT
202695,Kawhi Leonard,1610612761,TOR,28.0,24,24,1.0,243,496,0.49,0.545,0.708,188,351,0.536,0.292,55,145,0.379
201939,Stephen Curry,1610612744,GSW,31.0,22,22,1.0,190,431,0.441,0.548,0.434,98,187,0.524,0.566,92,244,0.377
1627783,Pascal Siakam,1610612761,TOR,25.0,24,24,1.0,179,382,0.469,0.507,0.728,150,278,0.54,0.272,29,104,0.279
202691,Klay Thompson,1610612744,GSW,29.0,21,21,1.0,164,359,0.457,0.554,0.56,94,201,0.468,0.44,70,158,0.443
203468,CJ McCollum,1610612757,POR,27.0,16,16,1.0,154,348,0.443,0.509,0.664,108,231,0.468,0.336,46,117,0.393
203081,Damian Lillard,1610612757,POR,28.0,16,16,1.0,136,327,0.416,0.506,0.517,77,169,0.456,0.483,59,158,0.373
200768,Kyle Lowry,1610612761,TOR,33.0,24,24,1.0,122,278,0.439,0.532,0.478,70,133,0.526,0.522,52,145,0.359
201935,James Harden,1610612745,HOU,29.0,11,11,1.0,107,261,0.41,0.502,0.475,59,124,0.476,0.525,48,137,0.35
203507,Giannis Antetokounmpo,1610612749,MIL,24.0,15,15,1.0,129,259,0.498,0.533,0.788,111,204,0.544,0.212,18,55,0.327
203999,Nikola Jokić,1610612743,DEN,24.0,14,14,1.0,126,250,0.504,0.548,0.776,104,194,0.536,0.224,22,56,0.393
1627750,Jamal Murray,1610612743,DEN,22.0,14,14,1.0,105,249,0.422,0.478,0.667,77,166,0.464,0.333,28,83,0.337
201142,Kevin Durant,1610612744,GSW,30.0,12,12,1.0,125,243,0.514,0.586,0.671,90,163,0.552,0.329,35,80,0.438
203110,Draymond Green,1610612744,GSW,29.0,22,22,1.0,114,228,0.5,0.529,0.75,101,171,0.591,0.25,13,57,0.228
203114,Khris Middleton,1610612749,MIL,27.0,15,15,1.0,84,201,0.418,0.517,0.542,44,109,0.404,0.458,40,92,0.435
201586,Serge Ibaka,1610612761,TOR,29.0,24,24,1.0,91,191,0.476,0.5,0.801,82,153,0.536,0.199,9,38,0.237
202339,Eric Bledsoe,1610612749,MIL,29.0,15,15,1.0,76,185,0.411,0.457,0.611,59,113,0.522,0.389,17,72,0.236
201188,Marc Gasol,1610612761,TOR,34.0,24,24,1.0,76,179,0.425,0.52,0.508,42,91,0.462,0.492,34,88,0.386
202681,Kyrie Irving,1610612738,BOS,27.0,9,9,1.0,69,179,0.385,0.436,0.676,51,121,0.421,0.324,18,58,0.31
202710,Jimmy Butler III,1610612755,PHI,29.0,12,12,1.0,79,175,0.451,0.486,0.743,67,130,0.515,0.257,12,45,0.267
2738,Andre Iguodala,1610612744,GSW,35.0,21,21,1.0,82,166,0.494,0.578,0.518,54,86,0.628,0.482,28,80,0.35
202699,Tobias Harris,1610612755,PHI,26.0,12,12,1.0,71,166,0.428,0.494,0.62,49,103,0.476,0.38,22,63,0.349
1627832,Fred VanVleet,1610612761,TOR,25.0,24,24,1.0,65,166,0.392,0.506,0.41,27,68,0.397,0.59,38,98,0.388
203954,Joel Embiid,1610612755,PHI,25.0,11,11,1.0,68,159,0.428,0.465,0.755,56,120,0.467,0.245,12,39,0.308
203914,Gary Harris,1610612743,DEN,24.0,14,14,1.0,72,155,0.465,0.529,0.632,52,98,0.531,0.368,20,57,0.351
201980,Danny Green,1610612761,TOR,32.0,24,23,1.0,53,155,0.342,0.468,0.232,14,36,0.389,0.768,39,119,0.328
200794,Paul Millsap,1610612743,DEN,34.0,14,14,1.0,73,153,0.477,0.516,0.752,61,115,0.53,0.248,12,38,0.316
201569,Eric Gordon,1610612745,HOU,30.0,11,11,1.0,67,150,0.447,0.573,0.367,29,55,0.527,0.633,38,95,0.4
101108,Chris Paul,1610612745,HOU,34.0,11,11,1.0,66,148,0.446,0.503,0.574,49,85,0.576,0.426,17,63,0.27
202683,Enes Freedom,1610612757,POR,27.0,16,16,1.0,73,137,0.533,0.536,0.971,72,133,0.541,0.029,1,4,0.25
201572,Brook Lopez,1610612749,MIL,31.0,15,15,1.0,61,133,0.459,0.541,0.436,39,58,0.672,0.564,22,75,0.293
203115,Will Barton,1610612743,DEN,28.0,14,14,1.0,46,132,0.348,0.405,0.583,31,77,0.403,0.417,15,55,0.273
1626181,Norman Powell,1610612761,TOR,26.0,23,22,1.0,56,125,0.448,0.544,0.504,32,63,0.508,0.496,24,62,0.387
200755,JJ Redick,1610612755,PHI,35.0,12,12,1.0,54,124,0.435,0.581,0.298,18,37,0.486,0.702,36,87,0.414
200746,LaMarcus Aldridge,1610612759,SAS,33.0,7,7,1.0,55,120,0.458,0.471,0.908,52,109,0.477,0.092,3,11,0.273
201942,DeMar DeRozan,1610612759,SAS,29.0,7,7,1.0,58,118,0.492,0.492,0.992,58,117,0.496,0.008,0,1,0.0
201588,George Hill,1610612749,MIL,33.0,15,15,1.0,63,117,0.538,0.624,0.59,43,69,0.623,0.41,20,48,0.417
1627732,Ben Simmons,1610612755,PHI,22.0,12,12,1.0,72,116,0.621,0.621,1.0,72,116,0.621,0.0,0,0,
202703,Nikola Mirotic,1610612749,MIL,28.0,14,14,1.0,44,116,0.379,0.474,0.345,22,40,0.55,0.655,22,76,0.289
1628369,Jayson Tatum,1610612738,BOS,21.0,9,9,1.0,49,112,0.438,0.482,0.723,39,81,0.481,0.277,10,31,0.323
1628378,Donovan Mitchell,1610612762,UTA,22.0,5,5,1.0,36,112,0.321,0.371,0.616,25,69,0.362,0.384,11,43,0.256
201566,Russell Westbrook,1610612760,OKC,30.0,5,5,1.0,40,111,0.36,0.41,0.694,29,77,0.377,0.306,11,34,0.324
203918,Rodney Hood,1610612757,POR,26.0,16,16,1.0,52,110,0.473,0.555,0.536,34,59,0.576,0.464,18,51,0.353
201143,Al Horford,1610612738,BOS,33.0,9,9,1.0,46,110,0.418,0.5,0.6,28,66,0.424,0.4,18,44,0.409
201568,Danilo Gallinari,1610612746,LAC,30.0,6,6,1.0,39,110,0.355,0.414,0.609,26,67,0.388,0.391,13,43,0.302
203090,Maurice Harkless,1610612757,POR,26.0,16,16,1.0,51,108,0.472,0.505,0.741,44,80,0.55,0.259,7,28,0.25
202329,Al-Farouq Aminu,1610612757,POR,28.0,16,16,1.0,38,108,0.352,0.421,0.528,23,57,0.404,0.472,15,51,0.294
101150,Lou Williams,1610612746,LAC,32.0,6,6,1.0,45,104,0.433,0.462,0.827,39,86,0.453,0.173,6,18,0.333
1626156,D'Angelo Russell,1610612751,BKN,23.0,5,5,1.0,37,102,0.363,0.422,0.637,25,65,0.385,0.363,12,37,0.324
202331,Paul George,1610612760,OKC,29.0,5,5,1.0,44,101,0.436,0.51,0.535,29,54,0.537,0.465,15,47,0.319
1626172,Kevon Looney,1610612744,GSW,23.0,21,20,1.0,64,93,0.688,0.688,1.0,64,93,0.688,0.0,0,0,
1627736,Malik Beasley,1610612743,DEN,22.0,14,14,1.0,36,91,0.396,0.5,0.484,17,44,0.386,0.516,19,47,0.404
200782,P.J. Tucker,1610612745,HOU,34.0,11,11,1.0,40,88,0.455,0.602,0.352,14,31,0.452,0.648,26,57,0.456
1627759,Jaylen Brown,1610612738,BOS,22.0,9,9,1.0,43,86,0.5,0.581,0.535,29,46,0.63,0.465,14,40,0.35
1628420,Monté Morris,1610612743,DEN,24.0,14,14,1.0,33,86,0.384,0.384,0.849,33,73,0.452,0.151,0,13,0.0
203552,Seth Curry,1610612757,POR,28.0,16,15,1.0,30,82,0.366,0.494,0.366,9,30,0.3,0.634,21,52,0.404
101141,Ersan Ilyasova,1610612749,MIL,32.0,15,15,1.0,35,81,0.432,0.506,0.506,23,41,0.561,0.494,12,40,0.3
203991,Clint Capela,1610612745,HOU,25.0,11,11,1.0,44,80,0.55,0.55,1.0,44,80,0.55,0.0,0,0,
1628380,Zach Collins,1610612757,POR,21.0,16,15,1.0,41,80,0.513,0.556,0.738,34,59,0.576,0.263,7,21,0.333
202694,Marcus Morris Sr.,1610612738,BOS,29.0,9,9,1.0,41,79,0.519,0.633,0.494,23,39,0.59,0.506,18,40,0.45
1626192,Pat Connaughton,1610612749,MIL,26.0,15,14,1.0,37,77,0.481,0.578,0.455,22,35,0.629,0.545,15,42,0.357
1627763,Malcolm Brogdon,1610612749,MIL,26.0,7,7,1.0,35,77,0.455,0.545,0.519,21,40,0.525,0.481,14,37,0.378
1628401,Derrick White,1610612759,SAS,24.0,7,7,1.0,41,75,0.547,0.58,0.773,36,58,0.621,0.227,5,17,0.294
2733,Shaun Livingston,1610612744,GSW,33.0,22,22,1.0,34,74,0.459,0.459,0.986,34,73,0.466,0.014,0,1,0.0
1627747,Caris LeVert,1610612751,BKN,24.0,5,5,1.0,36,73,0.493,0.575,0.644,24,47,0.511,0.356,12,26,0.462
202330,Gordon Hayward,1610612738,BOS,29.0,9,9,1.0,29,70,0.414,0.479,0.657,20,46,0.435,0.343,9,24,0.375
1626188,Quinn Cook,1610612744,GSW,26.0,17,15,1.0,28,70,0.4,0.479,0.514,17,36,0.472,0.486,11,34,0.324
203095,Evan Fournier,1610612753,ORL,26.0,5,5,1.0,24,69,0.348,0.406,0.507,16,35,0.457,0.493,8,34,0.235
1628470,Torrey Craig,1610612743,DEN,28.0,14,13,1.0,33,68,0.485,0.61,0.471,16,32,0.5,0.529,17,36,0.472
200752,Rudy Gay,1610612759,SAS,32.0,7,7,1.0,27,68,0.397,0.456,0.721,19,49,0.388,0.279,8,19,0.421
201937,Ricky Rubio,1610612762,UTA,28.0,5,5,1.0,28,66,0.424,0.455,0.697,24,46,0.522,0.303,4,20,0.2
203086,Meyers Leonard,1610612757,POR,27.0,11,11,1.0,34,65,0.523,0.631,0.492,20,32,0.625,0.508,14,33,0.424
202704,Reggie Jackson,1610612765,DET,29.0,4,4,1.0,28,65,0.431,0.5,0.677,19,44,0.432,0.323,9,21,0.429
203516,James Ennis III,1610612755,PHI,28.0,11,11,1.0,31,64,0.484,0.555,0.5,22,32,0.688,0.5,9,32,0.281
1626149,Montrezl Harrell,1610612746,LAC,25.0,6,6,1.0,46,63,0.73,0.73,0.984,46,62,0.742,0.016,0,1,0.0
202711,Bojan Bogdanović,1610612754,IND,30.0,4,4,1.0,25,63,0.397,0.452,0.651,18,41,0.439,0.349,7,22,0.318
203932,Aaron Gordon,1610612753,ORL,23.0,5,5,1.0,29,62,0.468,0.532,0.677,21,42,0.5,0.323,8,20,0.4
203915,Spencer Dinwiddie,1610612751,BKN,26.0,5,5,1.0,27,62,0.435,0.508,0.613,18,38,0.474,0.387,9,24,0.375
203085,Austin Rivers,1610612745,HOU,26.0,10,10,1.0,27,62,0.435,0.565,0.435,11,27,0.407,0.565,16,35,0.457
1628983,Shai Gilgeous-Alexander,1610612746,LAC,20.0,6,6,1.0,28,60,0.467,0.542,0.7,19,42,0.452,0.3,9,18,0.5
1628035,Alfonzo McKinnie,1610612744,GSW,26.0,22,18,1.0,26,59,0.441,0.525,0.458,16,27,0.593,0.542,10,32,0.313
1626179,Terry Rozier,1610612738,BOS,25.0,9,9,1.0,19,59,0.322,0.39,0.424,11,25,0.44,0.576,8,34,0.235
202696,Nikola Vučević,1610612753,ORL,28.0,5,5,1.0,21,58,0.362,0.388,0.776,18,45,0.4,0.224,3,13,0.231
1627854,Bryn Forbes,1610612759,SAS,25.0,7,7,1.0,27,56,0.482,0.616,0.446,12,25,0.48,0.554,15,31,0.484
203471,Dennis Schröder,1610612760,OKC,25.0,5,5,1.0,25,55,0.455,0.509,0.636,19,35,0.543,0.364,6,20,0.3
203083,Andre Drummond,1610612765,DET,25.0,4,4,1.0,24,54,0.444,0.444,0.981,24,53,0.453,0.019,0,1,0.0
203082,Terrence Ross,1610612753,ORL,28.0,5,5,1.0,20,54,0.37,0.481,0.352,8,19,0.421,0.648,12,35,0.343
202326,DeMarcus Cousins,1610612744,GSW,28.0,8,8,1.0,21,53,0.396,0.425,0.774,18,41,0.439,0.226,3,12,0.25
201936,Tyreke Evans,1610612754,IND,29.0,4,4,1.0,21,48,0.438,0.552,0.583,10,28,0.357,0.417,11,20,0.55
1628379,Luke Kennard,1610612765,DET,23.0,4,4,1.0,23,47,0.489,0.585,0.681,14,32,0.438,0.319,9,15,0.6
203118,Mike Scott,1610612755,PHI,30.0,10,10,1.0,21,47,0.447,0.574,0.277,9,13,0.692,0.723,12,34,0.353
201976,Patrick Beverley,1610612746,LAC,30.0,6,6,1.0,20,47,0.426,0.564,0.362,7,17,0.412,0.638,13,30,0.433
203486,Mason Plumlee,1610612743,DEN,29.0,14,14,1.0,24,46,0.522,0.522,0.978,24,45,0.533,0.022,0,1,0.0
203109,Jae Crowder,1610612762,UTA,28.0,5,5,1.0,17,46,0.37,0.467,0.348,8,16,0.5,0.652,9,30,0.3
1626220,Royce O'Neale,1610612762,UTA,26.0,5,5,1.0,21,45,0.467,0.556,0.489,13,22,0.591,0.511,8,23,0.348
201954,Darren Collison,1610612754,IND,31.0,4,4,1.0,19,45,0.422,0.467,0.756,15,34,0.441,0.244,4,11,0.364
202323,Evan Turner,1610612757,POR,30.0,16,14,1.0,14,45,0.311,0.322,0.978,13,44,0.295,0.022,1,1,1.0
203210,JaMychal Green,1610612746,LAC,29.0,6,6,1.0,23,43,0.535,0.674,0.465,11,20,0.55,0.535,12,23,0.522
203925,Joe Harris,1610612751,BKN,27.0,5,5,1.0,16,43,0.372,0.419,0.512,12,22,0.545,0.488,4,21,0.19
201988,Patty Mills,1610612759,SAS,30.0,7,7,1.0,14,43,0.326,0.36,0.488,11,21,0.524,0.512,3,22,0.136
203500,Steven Adams,1610612760,OKC,25.0,5,5,1.0,28,42,0.667,0.667,0.976,28,41,0.683,0.024,0,1,0.0
201152,Thaddeus Young,1610612754,IND,31.0,4,4,1.0,18,42,0.429,0.452,0.81,16,34,0.471,0.19,2,8,0.25
201973,Jonas Jerebko,1610612744,GSW,32.0,16,14,1.0,12,42,0.286,0.345,0.548,7,23,0.304,0.452,5,19,0.263
201571,D.J. Augustin,1610612753,ORL,31.0,5,5,1.0,20,41,0.488,0.61,0.488,10,20,0.5,0.512,10,21,0.476
1626246,Boban Marjanović,1610612755,PHI,30.0,11,7,1.0,24,40,0.6,0.6,0.925,24,37,0.649,0.075,0,3,0.0
203924,Jerami Grant,1610612760,OKC,25.0,5,5,1.0,20,40,0.5,0.613,0.5,11,20,0.55,0.5,9,20,0.45
202328,Greg Monroe,1610612755,PHI,29.0,10,9,1.0,16,40,0.4,0.413,0.9,15,36,0.417,0.1,1,4,0.25
101123,Gerald Green,1610612745,HOU,33.0,11,11,1.0,12,40,0.3,0.425,0.275,2,11,0.182,0.725,10,29,0.345
1628371,Jonathan Isaac,1610612753,ORL,21.0,5,5,1.0,11,40,0.275,0.325,0.5,7,20,0.35,0.5,4,20,0.2
201933,Blake Griffin,1610612765,DET,30.0,2,2,1.0,18,39,0.462,0.538,0.667,12,26,0.462,0.333,6,13,0.462
201158,Marco Belinelli,1610612759,SAS,33.0,7,7,1.0,14,38,0.368,0.474,0.447,6,17,0.353,0.553,8,21,0.381
1629013,Landry Shamet,1610612746,LAC,22.0,6,6,1.0,13,38,0.342,0.474,0.184,3,7,0.429,0.816,10,31,0.323
202397,Ish Smith,1610612765,DET,30.0,4,4,1.0,10,38,0.263,0.276,0.816,9,31,0.29,0.184,1,7,0.143
201960,DeMarre Carroll,1610612751,BKN,32.0,5,5,1.0,9,38,0.237,0.329,0.368,2,14,0.143,0.632,7,24,0.292
101106,Andrew Bogut,1610612744,GSW,34.0,19,14,1.0,24,37,0.649,0.649,1.0,24,37,0.649,0.0,0,0,
1628425,Sterling Brown,1610612749,MIL,24.0,11,10,1.0,15,37,0.405,0.5,0.432,8,16,0.5,0.568,7,21,0.333
204060,Joe Ingles,1610612762,UTA,31.0,5,5,1.0,12,37,0.324,0.432,0.216,4,8,0.5,0.784,8,29,0.276
1627863,Danuel House Jr.,1610612745,HOU,26.0,7,7,1.0,11,37,0.297,0.405,0.162,3,6,0.5,0.838,8,31,0.258
202324,Derrick Favors,1610612762,UTA,27.0,5,5,1.0,23,36,0.639,0.639,0.917,23,33,0.697,0.083,0,3,0.0
1627751,Jakob Poeltl,1610612759,SAS,23.0,7,7,1.0,23,36,0.639,0.639,0.972,23,35,0.657,0.028,0,1,0.0
1626167,Myles Turner,1610612754,IND,23.0,4,4,1.0,14,35,0.4,0.443,0.6,11,21,0.524,0.4,3,14,0.214
201961,Wayne Ellington,1610612765,DET,31.0,4,4,1.0,11,35,0.314,0.414,0.371,4,13,0.308,0.629,7,22,0.318
204038,Langston Galloway,1610612765,DET,27.0,4,4,1.0,11,34,0.324,0.456,0.265,2,9,0.222,0.735,9,25,0.36
1626178,Rondae Hollis-Jefferson,1610612751,BKN,24.0,4,4,1.0,16,33,0.485,0.5,0.97,15,32,0.469,0.03,1,1,1.0
203497,Rudy Gobert,1610612762,UTA,27.0,5,5,1.0,19,32,0.594,0.594,1.0,19,32,0.594,0.0,0,0,
1628386,Jarrett Allen,1610612751,BKN,21.0,5,5,1.0,19,32,0.594,0.594,1.0,19,32,0.594,0.0,0,0,
1628395,Jordan Bell,1610612744,GSW,24.0,15,11,1.0,17,31,0.548,0.548,1.0,17,31,0.548,0.0,0,0,
203487,Michael Carter-Williams,1610612753,ORL,27.0,5,5,1.0,12,31,0.387,0.419,0.742,10,23,0.435,0.258,2,8,0.25
203613,Jonathon Simmons,1610612755,PHI,29.0,7,7,1.0,10,30,0.333,0.367,0.667,8,20,0.4,0.333,2,10,0.2
202083,Wesley Matthews,1610612754,IND,32.0,4,4,1.0,9,30,0.3,0.417,0.3,2,9,0.222,0.7,7,21,0.333
1627734,Domantas Sabonis,1610612754,IND,23.0,4,4,1.0,12,29,0.414,0.431,0.862,11,25,0.44,0.138,1,4,0.25
201975,Jodie Meeks,1610612761,TOR,31.0,14,11,1.0,9,29,0.31,0.345,0.552,7,16,0.438,0.448,2,13,0.154
204456,T.J. McConnell,1610612755,PHI,27.0,9,9,1.0,12,27,0.444,0.444,1.0,12,27,0.444,0.0,0,0,
202697,Iman Shumpert,1610612745,HOU,29.0,8,7,1.0,10,26,0.385,0.538,0.154,2,4,0.5,0.846,8,22,0.364
1627748,Thon Maker,1610612765,DET,22.0,4,4,1.0,7,26,0.269,0.269,0.538,7,14,0.5,0.462,0,12,0.0
1628390,Terrance Ferguson,1610612760,OKC,21.0,5,5,1.0,9,25,0.36,0.5,0.28,2,7,0.286,0.72,7,18,0.389
202709,Cory Joseph,1610612754,IND,27.0,4,4,1.0,12,24,0.5,0.583,0.625,8,15,0.533,0.375,4,9,0.444
1627777,Georges Niang,1610612762,UTA,26.0,5,5,1.0,9,22,0.409,0.5,0.409,5,9,0.556,0.591,4,13,0.308
203457,Nerlens Noel,1610612760,OKC,25.0,5,5,1.0,12,20,0.6,0.6,1.0,12,20,0.6,0.0,0,0,
1629066,Rodions Kurucs,1610612751,BKN,21.0,4,3,1.0,8,20,0.4,0.45,0.6,6,12,0.5,0.4,2,8,0.25
1628413,Jonah Bolden,1610612755,PHI,23.0,10,7,1.0,5,19,0.263,0.368,0.158,1,3,0.333,0.842,4,16,0.25
203920,Khem Birch,1610612753,ORL,26.0,5,4,1.0,10,18,0.556,0.556,1.0,10,18,0.556,0.0,0,0,
1627826,Ivica Zubac,1610612746,LAC,22.0,4,4,1.0,9,18,0.5,0.5,1.0,9,18,0.5,0.0,0,0,
1627788,Furkan Korkmaz,1610612755,PHI,21.0,4,4,1.0,6,18,0.333,0.417,0.556,3,10,0.3,0.444,3,8,0.375
1628411,Wes Iwundu,1610612753,ORL,24.0,5,5,1.0,6,18,0.333,0.417,0.5,3,9,0.333,0.5,3,9,0.333
1628391,D.J. Wilson,1610612749,MIL,23.0,8,6,1.0,8,16,0.5,0.531,0.688,7,11,0.636,0.313,1,5,0.2
202693,Markieff Morris,1610612760,OKC,29.0,5,5,1.0,5,16,0.313,0.375,0.563,3,9,0.333,0.438,2,7,0.286
201163,Wilson Chandler,1610612746,LAC,32.0,4,4,1.0,5,16,0.313,0.344,0.375,4,6,0.667,0.625,1,10,0.1
202722,Dāvis Bertāns,1610612759,SAS,26.0,5,4,1.0,5,15,0.333,0.433,0.267,2,4,0.5,0.733,3,11,0.273
203922,Glenn Robinson III,1610612765,DET,25.0,3,2,1.0,4,15,0.267,0.3,0.467,3,7,0.429,0.533,1,8,0.125
203382,Aron Baynes,1610612738,BOS,32.0,9,8,1.0,8,14,0.571,0.643,0.571,6,8,0.75,0.429,2,6,0.333
1629010,Jerome Robinson,1610612746,LAC,22.0,5,4,1.0,5,14,0.357,0.464,0.571,2,8,0.25,0.429,3,6,0.5
1628464,Daniel Theis,1610612738,BOS,27.0,7,5,1.0,5,14,0.357,0.357,0.857,5,12,0.417,0.143,0,2,0.0
1628971,Bruce Brown,1610612765,DET,22.0,4,4,1.0,5,14,0.357,0.393,0.643,4,9,0.444,0.357,1,5,0.2
200757,Thabo Sefolosha,1610612762,UTA,35.0,4,4,1.0,2,14,0.143,0.179,0.429,1,6,0.167,0.571,1,8,0.125
202702,Kenneth Faried,1610612745,HOU,29.0,6,6,1.0,9,13,0.692,0.731,0.923,8,12,0.667,0.077,1,1,1.0
204025,Tim Frazier,1610612749,MIL,28.0,11,7,1.0,8,13,0.615,0.731,0.538,5,7,0.714,0.462,3,6,0.5
101109,Raymond Felton,1610612760,OKC,35.0,5,5,1.0,4,13,0.308,0.385,0.385,2,5,0.4,0.615,2,8,0.25
1629017,Khyri Thomas,1610612765,DET,23.0,3,3,1.0,6,12,0.5,0.542,0.667,5,8,0.625,0.333,1,4,0.25
203894,Shabazz Napier,1610612751,BKN,27.0,3,2,1.0,7,11,0.636,0.773,0.545,4,6,0.667,0.455,3,5,0.6
202066,Garrett Temple,1610612746,LAC,33.0,6,5,1.0,3,11,0.273,0.318,0.364,2,4,0.5,0.636,1,7,0.143
201162,Jared Dudley,1610612751,BKN,33.0,4,4,1.0,3,11,0.273,0.364,0.182,1,2,0.5,0.818,2,9,0.222
203935,Marcus Smart,1610612738,BOS,25.0,2,2,1.0,1,11,0.091,0.136,0.0,0,0,,1.0,1,11,0.091
2403,Nene,1610612745,HOU,36.0,7,5,1.0,10,10,1.0,1.0,1.0,10,10,1.0,0.0,0,0,
202334,Ed Davis,1610612751,BKN,30.0,3,3,1.0,7,10,0.7,0.7,1.0,7,10,0.7,0.0,0,0,
202700,Donatas Motiejunas,1610612759,SAS,28.0,5,4,1.0,6,10,0.6,0.6,0.9,6,9,0.667,0.1,0,1,0.0
1626170,Jerian Grant,1610612753,ORL,26.0,3,3,1.0,2,10,0.2,0.2,0.3,2,3,0.667,0.7,0,7,0.0
1626203,Treveon Graham,1610612751,BKN,25.0,5,5,1.0,2,10,0.2,0.2,0.3,2,3,0.667,0.7,0,7,0.0
203926,Doug McDermott,1610612754,IND,27.0,3,2,1.0,2,10,0.2,0.2,0.3,2,3,0.667,0.7,0,7,0.0
1628400,Semi Ojeleye,1610612738,BOS,24.0,6,3,1.0,4,9,0.444,0.611,0.444,1,4,0.25,0.556,3,5,0.6
1626185,Jarell Martin,1610612753,ORL,25.0,3,2,1.0,4,9,0.444,0.556,0.222,2,2,1.0,0.778,2,7,0.286
202391,Jeremy Lin,1610612761,TOR,30.0,8,7,1.0,2,9,0.222,0.278,0.778,1,7,0.143,0.222,1,2,0.5
1629033,Theo Pinson,1610612751,BKN,23.0,3,3,1.0,3,8,0.375,0.563,0.125,0,1,0.0,0.875,3,7,0.429
2594,Kyle Korver,1610612762,UTA,38.0,4,2,1.0,3,8,0.375,0.5,0.25,1,2,0.5,0.75,2,6,0.333
1629022,Lonnie Walker IV,1610612759,SAS,20.0,6,4,1.0,3,8,0.375,0.375,0.875,3,7,0.429,0.125,0,1,0.0
1626259,Malcolm Miller,1610612761,TOR,26.0,10,4,1.0,2,8,0.25,0.313,0.25,1,2,0.5,0.75,1,6,0.167
202954,Brad Wanamaker,1610612738,BOS,29.0,4,4,1.0,3,7,0.429,0.5,0.857,2,6,0.333,0.143,1,1,1.0
1628960,Grayson Allen,1610612762,UTA,23.0,2,2,1.0,2,7,0.286,0.286,0.571,2,4,0.5,0.429,0,3,0.0
1627774,Jake Layman,1610612757,POR,25.0,6,5,1.0,1,7,0.143,0.143,0.286,1,2,0.5,0.714,0,5,0.0
1629014,Anfernee Simons,1610612757,POR,20.0,5,4,1.0,0,7,0.0,0.0,0.714,0,5,0.0,0.286,0,2,0.0
1628414,Sindarius Thornwell,1610612746,LAC,24.0,4,2,1.0,2,6,0.333,0.417,0.5,1,3,0.333,0.5,1,3,0.333
203503,Tony Snell,1610612749,MIL,27.0,9,4,1.0,2,6,0.333,0.417,0.667,1,4,0.25,0.333,1,2,0.5
2585,Zaza Pachulia,1610612765,DET,35.0,2,1,1.0,2,6,0.333,0.333,1.0,2,6,0.333,0.0,0,0,
203526,Raul Neto,1610612762,UTA,27.0,3,3,1.0,1,6,0.167,0.167,0.833,1,5,0.2,0.167,0,1,0.0
1628982,Melvin Frazier Jr.,1610612753,ORL,22.0,3,2,1.0,2,5,0.4,0.4,1.0,2,5,0.4,0.0,0,0,
1628980,Jacob Evans,1610612744,GSW,22.0,7,2,1.0,2,5,0.4,0.5,0.6,1,3,0.333,0.4,1,2,0.5
1628449,Chris Boucher,1610612761,TOR,26.0,2,2,1.0,2,5,0.4,0.5,0.4,1,2,0.5,0.6,1,3,0.333
1628988,Aaron Holiday,1610612754,IND,22.0,3,3,1.0,2,5,0.4,0.5,0.6,1,3,0.333,0.4,1,2,0.5
1627775,Patrick McCaw,1610612761,TOR,23.0,11,4,1.0,1,5,0.2,0.3,0.4,0,2,0.0,0.6,1,3,0.333
1629126,Deonte Burton,1610612760,OKC,25.0,3,2,1.0,1,5,0.2,0.2,0.6,1,3,0.333,0.4,0,2,0.0
101161,Amir Johnson,1610612755,PHI,32.0,4,2,1.0,4,4,1.0,1.0,1.0,4,4,1.0,0.0,0,0,
1627824,Guerschon Yabusele,1610612738,BOS,23.0,4,2,1.0,2,4,0.5,0.5,0.75,2,3,0.667,0.25,0,1,0.0
1627746,Skal Labissiere,1610612757,POR,23.0,3,3,1.0,1,4,0.25,0.25,0.5,1,2,0.5,0.5,0,2,0.0
1627820,Tyrone Wallace,1610612746,LAC,25.0,2,2,1.0,1,4,0.25,0.25,1.0,1,4,0.25,0.0,0,0,
201967,Dante Cunningham,1610612759,SAS,32.0,5,3,1.0,2,3,0.667,1.0,0.333,0,1,0.0,0.667,2,2,1.0
1629058,Dzanan Musa,1610612751,BKN,20.0,2,2,1.0,2,3,0.667,0.667,0.667,2,2,1.0,0.333,0,1,0.0
1627823,Juancho Hernangomez,1610612743,DEN,23.0,5,2,1.0,1,3,0.333,0.5,0.333,0,1,0.0,0.667,1,2,0.5
1626168,Trey Lyles,1610612743,DEN,23.0,3,1,1.0,0,3,0.0,0.0,0.667,0,2,0.0,0.333,0,1,0.0
1628388,T.J. Leaf,1610612754,IND,22.0,1,1,1.0,0,3,0.0,0.0,0.667,0,2,0.0,0.333,0,1,0.0
1628392,Isaiah Hartenstein,1610612745,HOU,21.0,2,1,1.0,2,2,1.0,1.0,1.0,2,2,1.0,0.0,0,0,
1629057,Robert Williams III,1610612738,BOS,21.0,3,1,1.0,1,2,0.5,0.5,1.0,1,2,0.5,0.0,0,0,
203961,Eric Moreland,1610612761,TOR,27.0,8,2,1.0,1,2,0.5,0.5,1.0,1,2,0.5,0.0,0,0,
1627846,Abdel Nader,1610612760,OKC,25.0,3,2,1.0,1,2,0.5,0.5,1.0,1,2,0.5,0.0,0,0,
202720,Jon Leuer,1610612765,DET,30.0,1,1,1.0,1,2,0.5,0.5,1.0,1,2,0.5,0.0,0,0,
202347,Quincy Pondexter,1610612759,SAS,31.0,5,1,1.0,0,2,0.0,0.0,0.5,0,1,0.0,0.5,0,1,0.0
1627745,Damian Jones,1610612744,GSW,24.0,4,1,1.0,1,1,1.0,1.0,1.0,1,1,1.0,0.0,0,0,
202327,Ekpe Udoh,1610612762,UTA,32.0,2,1,1.0,0,1,0.0,0.0,1.0,0,1,0.0,0.0,0,0,
